289	226
122	130
55	283
287	138
204	261
220	52
191	181
74	103
247	177
112	58
218	279
145	288
270	143
207	105
239	2
30	108
284	210
11	19
275	295
3	39
176	56
60	186
287	288
113	106
30	102
282	290
142	221
202	150
112	113
64	116
276	275
204	230
172	270
89	235
267	286
17	92
208	273
242	232
222	275
167	210
275	248
47	51
53	61
78	80
84	30
99	188
118	145
230	223
299	243
63	144
17	13
297	229
87	45
156	287
177	226
142	220
132	46
252	267
96	25
56	283
79	104
287	43
60	55
163	175
113	295
56	106
153	174
134	115
17	50
218	56
105	107
152	119
17	193
273	70
299	273
206	161
71	179
103	44
91	27
297	274
29	282
32	38
208	299
258	276
17	201
97	66
220	197
194	125
92	274
53	235
272	228
101	253
294	215
238	232
206	78
225	19
211	287
95	241
265	109
259	204
254	35
238	135
79	111
259	82
297	281
69	213
201	186
233	271
288	235
247	216
252	106
180	116
45	32
43	282
164	285
174	244
242	269
60	97
149	53
92	29
175	147
252	257
11	174
36	177
8	202
225	298
257	241
177	278
31	254
279	199
114	92
245	92
5	241
68	211
220	219
268	172
299	289
202	180
265	126
174	157
16	14
267	177
206	157
73	69
63	56
242	208
68	184
223	281
261	291
173	141
225	172
257	69
182	10
167	172
257	134
228	47
9	11
53	145
296	223
42	149
64	29
150	122
254	231
237	292
263	293
235	273
237	129
157	200
95	199
208	185
105	279
22	84
197	158
42	77
109	265
117	299
286	237
4	82
44	55
50	17
116	264
28	165
175	220
230	99
286	243
298	254
172	116
235	287
260	145
55	151
64	41
278	97
263	264
138	116
95	214
146	158
263	205
280	277
186	252
238	276
23	119
77	47
291	82
138	155
280	178
174	245
44	176
298	235
259	287
43	46
135	266
281	287
86	94
207	185
186	39
178	215
281	243
99	5
244	240
5	274
53	274
171	119
56	97
44	85
35	158
234	295
271	73
234	238
184	161
164	6
178	17
251	294
184	63
230	280
238	107
105	262
206	158
251	241
64	85
250	212
179	23
213	236
119	155
163	198
16	288
102	28
250	209
280	229
139	170
132	165
150	157
299	63
266	36
95	54
285	96
47	28
259	252
245	64
147	193
232	220
63	49
125	194
299	227
199	123
231	241
208	257
83	294
49	298
57	90
77	38
282	269
197	175
123	109
53	46
42	76
262	49
107	91
130	34
101	72
262	261
138	49
292	125
222	156
199	144
24	96
279	210
16	143
198	126
221	273
297	218
101	81
268	117
64	101
247	211
45	81
213	250
197	157
221	229
235	206
241	281
157	42
209	92
34	114
123	116
26	266
23	34
37	88
238	189
216	233
93	157
40	84
257	1
294	274
271	222
85	262
93	185
243	109
67	240
27	69
262	83
145	156
73	172
132	40
3	63
148	182
54	73
235	221
142	41
55	180
74	35
71	185
107	58
198	201
210	209
232	1
279	246
33	64
104	63
236	279
263	278
185	93
50	270
289	69
105	148
264	255
165	252
81	109
26	110
167	253
184	175
193	215
178	73
92	51
92	276
275	33
95	256
81	148
175	227
46	77
23	115
286	223
32	8
40	260
179	161
195	120
156	280
294	221
216	245
286	29
203	295
92	41
221	294
251	134
70	31
116	159
39	86
81	101
2	214
281	241
231	236
69	50
234	239
134	186
260	268
257	246
28	44
299	117
1	113
70	100
223	225
199	216
32	87
174	196
292	240
227	257
212	268
194	202
281	72
298	88
279	265
206	73
215	73
166	174
288	16
218	229
12	194
16	33
177	36
132	272
16	258
165	268
232	237
254	232
79	82
142	91
222	77
82	227
67	44
215	272
7	10
24	55
291	16
147	151
135	290
41	100
12	140
93	95
58	42
86	58
148	93
118	294
94	111
83	56
128	296
68	5
70	232
293	252
94	110
239	126
51	94
291	233
67	93
20	299
82	269
121	206
73	206
88	82
296	285
78	43
173	190
219	276
239	95
237	215
117	252
51	47
265	41
249	242
115	179
290	183
92	233
119	69
241	233
299	259
213	67
28	84
291	184
58	107
285	291
64	35
96	40
229	78
127	50
245	239
240	292
116	197
242	235
184	35
44	213
238	88
279	289
78	24
35	299
201	56
4	20
251	153
76	229
2	268
215	59
114	111
29	68
71	84
229	225
261	71
264	246
207	275
148	249
184	171
53	81
86	17
249	243
19	289
297	149
149	125
12	108
163	63
234	228
237	280
113	215
111	106
36	50
156	189
267	3
216	23
295	226
281	296
267	195
289	234
164	182
184	221
92	245
207	289
275	238
58	90
296	248
43	25
134	123
50	145
29	1
267	279
220	198
193	65
79	67
180	11
64	189
211	251
27	215
153	276
288	226
70	20
248	27
108	209
265	264
132	61
175	150
2	3
42	95
15	68
111	145
86	101
176	196
145	179
244	250
174	290
120	122
128	274
294	255
190	174
43	31
234	76
3	267
158	115
260	48
125	292
57	64
33	213
159	64
275	246
219	270
107	31
118	209
60	178
80	197
78	126
195	37
223	254
19	207
221	146
119	291
91	71
166	147
235	97
113	76
208	245
197	220
200	27
153	172
296	91
274	222
131	90
253	290
178	268
111	208
32	45
234	292
84	179
260	65
203	155
252	29
270	34
180	131
107	227
269	289
145	24
281	294
277	245
269	52
151	195
164	178
135	217
208	5
20	4
79	16
291	218
150	175
266	246
12	234
21	18
147	166
241	277
235	259
12	9
228	211
32	57
245	242
65	296
34	82
102	248
299	263
289	4
177	165
77	40
127	24
276	298
102	59
135	114
29	239
242	298
112	90
5	11
251	83
65	290
241	256
107	3
56	251
38	89
131	239
298	280
3	288
177	120
211	278
142	189
255	61
67	179
47	42
127	230
291	215
50	84
218	260
194	209
88	274
256	233
82	79
53	115
193	42
147	197
293	279
138	249
248	275
145	286
229	228
288	36
59	210
57	30
196	176
245	244
296	268
89	130
142	132
269	75
29	231
2	289
198	292
91	275
71	238
134	166
179	127
287	289
229	287
11	14
124	178
124	122
40	252
47	145
99	269
104	73
102	101
117	28
152	146
256	34
254	253
211	258
242	213
104	196
44	104
115	53
39	102
102	81
257	63
27	272
262	189
251	295
241	107
64	57
240	241
174	199
239	109
130	193
93	207
53	40
82	296
297	232
116	43
49	221
149	132
266	210
277	266
84	126
82	49
200	239
280	286
23	43
210	284
96	299
151	43
232	55
105	33
45	48
61	258
228	298
44	109
227	291
130	200
25	31
251	120
265	113
19	242
128	23
206	199
212	119
126	36
172	153
198	23
54	76
231	138
96	84
119	125
123	205
123	267
33	240
100	261
274	128
257	120
51	118
97	274
189	75
250	99
215	248
202	15
256	103
183	193
182	32
71	107
71	254
267	252
156	222
113	43
143	211
27	100
63	93
292	288
293	239
234	263
167	84
195	64
88	145
37	41
174	250
25	85
247	280
113	214
12	8
67	5
17	30
294	126
228	214
183	130
161	210
117	145
49	23
52	43
118	161
63	50
254	289
114	272
41	231
248	67
85	64
294	289
30	89
299	71
99	290
175	151
46	53
194	116
49	82
164	212
108	189
172	171
259	26
17	182
161	229
198	212
234	253
157	51
197	294
213	242
266	88
230	251
193	67
292	290
268	225
205	270
298	226
40	112
28	71
109	92
189	125
254	225
256	277
144	65
213	293
236	266
144	1
61	266
246	176
157	84
293	254
45	140
50	101
263	216
281	52
223	16
165	271
167	206
291	227
102	96
289	299
77	144
293	62
251	234
36	28
295	282
105	3
54	274
215	293
74	28
238	282
171	206
59	248
225	248
282	207
84	44
234	246
207	212
148	297
40	132
83	296
146	147
252	186
127	255
231	296
216	144
250	174
205	194
176	174
185	234
70	50
194	122
41	46
24	31
114	296
101	279
145	116
7	30
19	232
24	70
35	25
2	78
122	148
207	73
253	42
226	269
99	81
288	2
140	17
230	73
91	193
68	256
171	75
51	33
95	75
51	134
249	148
113	31
16	97
245	56
231	200
262	152
218	177
66	47
291	52
252	274
232	19
157	258
251	178
92	217
38	115
218	209
158	133
143	83
197	289
17	8
77	210
85	248
82	275
207	19
70	74
31	151
247	297
204	195
287	21
58	285
61	238
127	112
147	176
231	146
140	45
105	22
146	246
290	132
172	73
120	221
87	30
158	180
294	256
93	148
125	128
126	193
106	290
161	29
276	105
103	74
196	84
38	157
156	69
71	82
146	172
251	69
96	193
223	276
258	34
271	165
163	76
143	119
83	101
81	24
292	251
83	144
156	252
27	74
251	239
176	183
183	115
210	292
148	178
64	121
209	295
230	292
5	198
93	161
175	204
6	298
241	226
88	60
249	33
118	150
239	236
85	104
58	96
93	213
42	112
184	204
222	72
242	116
262	37
83	64
262	183
18	29
208	172
111	26
51	297
223	2
238	61
19	105
127	72
213	44
241	128
219	151
120	75
199	243
13	41
230	293
9	21
200	209
28	77
6	75
232	224
60	104
106	35
115	50
282	255
227	67
78	270
183	156
126	111
99	235
241	255
298	167
105	38
42	132
9	194
219	143
110	90
114	108
205	1
131	201
74	47
125	166
15	202
226	295
150	121
233	92
185	42
151	183
65	196
153	238
64	91
65	99
273	54
180	163
25	113
215	251
150	163
45	5
29	214
232	278
75	275
15	20
71	28
132	100
92	100
231	135
166	206
231	266
185	83
69	205
36	78
180	107
273	29
69	126
246	213
105	88
159	186
90	20
149	102
90	21
84	55
198	5
50	35
36	143
251	88
95	211
21	296
167	231
201	154
215	178
219	259
172	123
241	5
54	145
281	245
183	147
271	113
206	193
32	12
209	255
67	46
178	106
100	123
163	146
121	35
36	104
298	293
285	90
116	243
196	88
273	144
108	276
79	259
14	178
228	229
290	198
49	138
288	298
223	82
252	223
291	276
277	293
274	97
227	14
161	243
285	19
69	223
213	208
291	38
234	237
220	76
119	153
95	271
193	104
266	144
16	295
293	266
285	194
282	41
76	290
159	195
230	233
240	257
151	293
29	232
41	299
179	225
2	11
219	284
143	175
147	158
231	119
36	175
251	263
22	3
281	244
273	295
273	238
215	70
59	34
244	28
48	21
108	97
178	31
1	254
60	260
294	148
27	111
134	128
25	250
19	258
58	39
150	36
129	163
247	153
217	219
243	288
283	284
55	134
159	82
75	85
244	298
156	75
255	63
265	281
264	29
5	182
271	176
155	81
227	142
252	224
123	134
88	222
295	16
162	130
111	57
218	296
163	129
80	70
180	178
125	177
243	121
180	76
244	113
29	199
250	245
126	100
118	247
31	216
211	216
212	176
3	16
116	149
21	252
256	251
256	247
223	228
120	161
230	71
209	232
265	213
176	294
123	256
208	236
262	107
120	167
106	61
271	294
35	105
47	50
216	108
287	148
34	86
176	205
144	77
299	78
38	63
220	212
53	171
149	274
92	82
56	171
91	195
174	156
92	59
161	186
194	263
33	19
220	147
107	180
210	126
35	63
198	95
89	37
52	104
100	284
235	276
158	175
221	215
226	297
179	155
85	101
163	193
161	175
88	268
238	105
161	225
84	196
198	172
291	221
147	149
288	264
157	298
231	130
6	2
239	299
189	171
279	293
250	63
175	165
22	186
21	48
202	182
283	78
5	99
283	205
91	64
134	248
217	277
143	219
38	65
110	35
241	104
218	195
24	39
118	105
222	81
215	156
264	63
117	68
183	151
226	220
120	134
86	251
262	59
125	171
166	153
295	237
175	145
234	88
142	254
141	98
109	27
211	281
100	238
251	228
31	51
299	47
237	92
257	240
71	76
107	241
196	193
111	234
140	49
215	93
189	252
164	55
230	2
27	50
40	205
274	54
126	34
16	113
31	107
17	153
54	97
92	262
76	180
250	257
269	242
60	225
212	55
257	278
110	57
63	149
185	264
2	1
189	180
287	259
171	174
50	74
299	67
275	50
247	118
71	119
135	178
221	108
149	199
113	290
196	116
148	131
216	88
276	248
239	234
5	148
236	211
275	200
9	15
73	127
60	19
103	77
182	131
236	226
49	55
167	127
245	72
184	109
248	74
166	86
226	105
130	179
227	273
199	95
279	63
95	299
122	117
100	171
33	8
287	273
198	142
219	65
59	255
286	280
273	126
284	1
51	140
44	215
196	69
36	276
150	182
74	50
123	257
77	28
175	184
15	74
96	89
281	204
145	206
171	147
234	283
216	263
294	273
212	220
229	252
226	298
170	141
273	244
63	185
253	264
123	119
260	35
68	15
196	180
126	146
85	24
15	110
291	284
126	119
34	97
232	112
147	34
93	165
29	273
130	135
261	117
92	295
59	102
239	119
258	184
268	178
6	48
256	111
85	99
239	251
279	257
259	189
287	224
189	241
217	289
101	97
271	230
172	22
50	33
55	226
227	68
17	12
146	177
59	220
287	283
78	52
74	248
2	287
200	81
256	60
27	23
116	150
59	62
292	106
232	50
264	256
111	172
29	69
251	31
197	37
76	40
153	198
51	151
24	185
97	108
147	135
71	198
42	228
245	241
270	156
147	50
40	255
239	297
251	100
277	289
11	180
74	54
74	166
147	142
67	130
258	236
60	228
14	273
68	82
153	251
176	171
14	20
296	128
7	32
115	231
82	142
228	258
46	74
185	249
133	169
127	116
102	32
263	163
185	99
162	180
125	189
70	222
184	237
210	213
44	78
149	172
195	193
283	106
265	240
52	109
108	29
205	121
96	74
257	250
254	245
33	35
144	224
118	151
145	53
186	116
210	161
193	128
64	78
75	68
238	298
41	77
13	109
198	155
166	80
58	150
135	147
248	296
256	249
176	119
56	50
196	183
41	76
126	273
117	207
50	71
266	271
232	130
4	18
246	230
206	155
273	11
287	226
273	134
17	178
265	93
195	217
210	286
127	108
41	13
219	180
158	35
196	104
166	288
81	74
75	146
38	36
119	75
210	233
299	261
78	206
143	122
163	71
39	41
124	121
239	212
143	29
122	7
179	130
39	282
25	232
22	19
251	208
55	64
55	269
225	226
16	11
146	206
119	288
166	116
167	199
101	57
182	65
219	155
142	81
118	129
24	67
143	282
224	266
153	290
150	124
206	215
264	278
35	184
294	291
101	25
120	195
123	189
58	62
185	252
97	226
212	22
134	199
115	25
219	258
128	100
109	148
104	28
113	244
86	271
30	90
197	299
186	247
226	221
97	46
237	220
123	206
15	90
29	245
249	95
67	79
290	223
237	60
265	270
44	184
123	63
208	268
260	29
143	207
237	210
67	151
73	86
247	210
27	68
51	77
299	185
242	251
289	31
138	147
151	138
56	237
272	283
223	35
229	161
172	40
138	101
61	288
102	114
10	17
279	49
243	210
288	93
175	237
239	293
84	269
222	164
80	50
266	114
132	255
204	175
199	290
124	278
236	244
247	229
70	43
114	165
278	51
292	284
60	179
228	230
53	24
23	104
191	192
296	284
221	46
66	103
270	117
221	225
42	219
246	95
179	186
229	77
22	20
67	271
127	7
189	262
12	17
120	153
49	19
84	50
83	44
16	284
229	208
12	14
251	145
151	153
256	62
144	38
253	234
255	269
68	227
57	27
18	20
294	269
166	155
296	254
134	257
43	104
144	276
284	278
252	189
279	105
103	233
286	51
88	208
163	150
217	82
123	199
294	62
62	208
83	145
196	125
292	56
189	64
36	24
50	80
88	40
199	262
264	277
126	153
156	185
291	240
150	128
90	30
251	216
289	72
270	113
277	280
101	64
123	196
224	197
114	105
48	49
22	32
17	255
248	48
266	236
37	53
24	43
184	25
70	27
214	233
52	119
241	284
127	83
143	149
64	28
92	185
219	100
51	288
268	83
42	32
48	114
49	60
143	260
167	130
13	14
285	182
288	145
149	193
138	167
62	123
128	150
141	133
25	108
253	267
298	6
165	229
69	88
138	215
182	90
33	176
56	292
52	277
245	147
171	146
40	120
80	85
297	292
171	120
296	247
231	29
119	118
63	114
59	198
23	74
38	76
121	205
131	182
90	58
41	80
53	200
83	88
113	278
2	119
219	117
260	231
131	148
227	274
185	150
73	221
92	80
86	79
16	189
29	189
44	159
52	237
37	28
268	119
291	294
96	45
293	161
100	290
185	277
78	2
244	210
54	288
64	204
49	262
159	128
196	123
209	118
240	38
91	144
156	205
204	73
205	229
155	260
259	64
282	236
138	256
231	280
283	146
24	294
9	164
257	249
76	167
113	56
279	297
255	127
114	283
179	120
105	35
218	244
223	100
174	35
71	56
89	26
3	204
86	227
184	197
155	198
227	253
74	101
269	132
12	102
81	99
55	81
109	97
59	190
95	72
224	272
264	161
54	210
171	132
289	2
75	295
198	262
167	134
286	241
280	255
233	240
172	146
266	225
64	79
111	63
171	61
132	161
180	121
211	244
107	218
103	109
88	118
163	177
102	112
148	231
251	209
38	134
231	197
40	55
252	270
53	54
197	118
90	285
24	93
246	231
183	198
114	23
107	61
75	287
157	72
50	31
51	145
29	159
297	250
248	104
99	112
206	159
183	144
217	287
111	91
267	216
47	80
231	23
289	195
60	63
258	241
33	95
76	101
92	13
147	132
51	172
200	53
290	100
36	23
247	261
184	258
278	232
86	54
2	56
211	242
167	294
197	228
235	247
150	58
191	142
95	149
121	147
33	130
88	216
83	112
193	118
159	120
165	92
220	250
92	109
116	166
126	104
195	91
70	234
140	125
252	210
23	84
161	236
18	4
295	291
142	282
144	52
114	36
220	217
293	127
204	259
283	29
53	64
24	81
257	244
148	77
226	287
149	79
290	251
138	129
130	26
238	281
263	232
257	193
97	82
275	240
237	235
142	82
49	93
40	155
264	240
92	7
128	195
120	40
124	180
105	207
21	273
88	76
48	62
153	29
16	223
55	60
198	79
80	33
52	155
50	196
241	59
174	82
174	205
104	258
158	197
1	52
213	120
161	138
271	228
223	298
225	224
238	237
68	280
273	220
175	64
53	144
286	225
80	215
46	56
235	242
253	223
12	259
288	255
36	260
106	204
1	73
154	116
143	16
243	226
291	285
4	289
126	40
292	297
56	278
112	183
142	232
82	28
123	197
166	184
185	61
156	151
7	182
23	52
252	289
252	40
183	100
226	161
38	96
228	280
40	73
210	242
115	140
184	28
280	185
83	271
132	166
59	67
215	207
178	146
206	123
248	85
284	295
270	269
82	132
280	65
240	232
14	13
82	58
147	126
38	179
72	163
62	31
95	179
289	217
238	220
51	101
214	29
65	95
183	117
103	144
236	282
91	107
53	37
236	263
276	183
81	155
96	102
286	246
236	105
100	115
267	23
280	227
90	48
265	143
28	283
242	297
209	268
293	277
165	235
43	242
27	57
261	11
22	105
39	209
151	125
111	46
201	131
258	265
286	267
123	262
25	50
73	119
283	290
84	28
268	59
83	185
204	135
19	225
65	2
155	40
230	281
254	286
1	134
283	13
252	229
226	193
234	271
109	69
19	285
38	188
246	243
254	206
1	279
143	287
259	12
286	36
286	228
227	7
96	94
79	2
74	63
251	185
75	156
205	67
111	94
180	262
200	168
118	177
49	189
207	97
243	270
205	143
209	134
240	215
229	93
242	279
172	268
53	108
132	171
73	232
263	257
108	221
297	172
227	217
260	53
41	116
121	166
274	155
174	163
242	257
231	226
65	182
215	52
36	42
274	260
129	188
155	115
212	297
221	142
295	21
223	248
243	217
163	189
27	128
29	108
69	119
199	185
220	71
274	41
269	276
224	184
41	43
206	150
220	290
248	267
157	292
204	31
273	127
142	116
26	17
263	195
265	216
288	185
144	179
171	176
214	228
32	202
263	283
288	76
248	123
292	275
210	288
75	71
193	197
257	247
39	104
59	2
131	32
207	273
106	195
82	253
269	18
100	117
236	297
69	230
100	103
284	126
39	127
287	142
156	237
12	164
238	20
40	83
235	111
46	35
150	178
49	266
164	184
227	275
76	126
116	158
236	107
59	101
210	144
206	153
27	163
149	33
205	196
159	116
76	78
202	12
218	267
284	209
50	70
142	99
6	22
277	258
258	19
183	49
5	262
209	287
283	176
130	33
299	62
207	249
75	82
49	267
15	26
276	284
283	292
113	34
16	276
117	268
214	225
121	194
114	269
250	279
76	269
237	1
220	65
176	113
19	3
89	86
130	251
185	161
52	269
108	283
67	279
219	178
50	79
207	283
26	289
97	197
46	132
52	96
244	257
189	31
290	220
8	18
58	185
294	232
296	29
149	128
193	121
118	130
29	95
221	211
91	282
194	186
20	254
241	196
123	150
69	27
289	254
126	134
51	31
59	207
56	299
103	51
91	29
31	64
254	264
91	122
150	20
69	93
260	218
299	95
42	96
114	93
284	245
205	280
242	217
118	50
120	125
232	73
116	123
74	81
128	220
47	104
208	111
297	205
172	174
126	27
163	142
261	218
19	2
255	195
111	119
179	125
97	27
186	134
24	35
35	186
285	296
102	30
293	292
122	15
206	121
64	171
210	236
258	183
143	276
96	101
240	275
73	227
76	81
226	62
155	298
257	156
256	213
81	94
35	64
289	26
103	78
269	226
6	140
197	91
222	145
61	149
222	204
258	262
37	145
270	180
269	1
40	31
122	118
63	35
151	177
248	62
213	266
104	189
197	146
95	114
115	126
109	237
71	299
142	271
124	146
245	263
254	69
222	230
128	82
61	132
165	59
150	162
241	280
225	278
276	250
35	27
221	260
167	116
236	245
135	204
172	29
271	83
92	230
209	273
47	23
45	37
146	165
282	99
184	164
126	186
83	37
132	159
178	193
75	101
3	114
287	78
76	266
213	265
121	161
246	286
116	118
227	218
42	297
246	105
156	297
43	116
268	157
98	203
47	66
123	163
134	25
186	82
156	34
290	299
125	149
58	86
25	37
239	219
138	287
161	67
224	226
142	200
2	222
212	234
40	235
24	38
185	207
109	252
120	248
163	263
214	161
204	132
268	109
157	114
264	185
97	54
232	114
184	224
227	250
118	149
76	150
132	3
176	62
206	197
218	210
209	279
138	79
240	244
268	231
241	225
158	163
284	236
199	29
44	51
80	104
193	96
220	238
150	125
284	279
211	91
75	145
292	223
88	36
35	120
234	212
29	18
79	85
122	30
93	119
296	220
245	246
27	35
240	220
164	12
268	223
148	294
64	33
52	145
46	126
249	219
254	223
113	270
195	132
275	276
288	227
156	56
189	60
33	61
177	274
246	244
210	174
75	78
62	13
206	195
92	67
219	281
293	243
209	128
257	222
248	101
267	37
246	235
116	138
122	245
254	211
251	26
108	270
88	73
86	55
277	224
129	290
114	58
27	82
135	162
31	286
273	34
80	43
250	239
239	19
32	90
60	111
242	236
198	177
3	207
267	117
278	293
32	82
162	166
174	155
272	233
121	64
151	176
53	147
27	109
57	131
244	54
270	16
271	52
251	284
280	246
252	259
128	200
197	126
278	184
78	166
224	225
174	172
119	143
16	230
264	214
298	246
82	186
124	194
297	196
225	228
239	246
171	297
27	91
58	36
26	102
96	104
285	266
2	29
43	41
214	211
207	184
147	138
181	191
298	288
46	25
148	107
266	219
182	20
189	107
76	154
182	130
299	174
96	48
128	165
167	122
156	92
6	9
78	75
262	255
259	224
263	228
157	167
289	279
96	24
58	45
235	207
135	198
199	284
23	196
102	235
157	119
215	100
234	240
122	262
297	171
298	238
138	166
284	144
11	246
299	275
263	243
17	140
179	84
279	296
182	122
203	181
208	62
279	185
2	217
208	207
275	185
60	84
86	130
93	114
264	128
286	264
239	56
244	214
250	299
270	49
104	193
291	222
256	171
131	124
240	233
73	205
278	245
217	211
299	77
180	186
128	266
122	153
253	120
55	39
143	258
37	262
100	220
29	297
165	132
68	36
26	86
76	47
251	290
254	237
94	23
140	201
74	92
296	231
172	286
213	246
256	33
252	293
272	114
67	24
79	121
207	215
92	43
171	274
79	86
33	50
52	291
151	248
93	212
108	127
70	132
229	116
260	163
157	142
283	214
149	151
237	199
245	240
180	146
155	63
91	65
157	271
255	175
69	174
71	111
118	72
280	243
204	281
35	50
224	34
121	124
147	116
177	253
223	296
253	210
37	197
146	178
34	256
88	243
1	145
227	99
229	195
278	177
193	167
210	33
70	119
3	255
209	296
128	125
88	259
185	251
130	182
37	55
180	196
24	63
255	2
65	4
289	19
37	91
295	256
172	262
194	182
284	148
241	161
298	208
243	237
174	153
128	134
30	39
254	259
75	227
13	273
151	219
285	45
226	243
226	214
215	83
196	186
245	214
156	123
53	260
251	230
282	13
19	95
35	74
165	150
205	156
37	234
27	248
239	156
238	235
264	241
197	174
240	298
196	189
277	278
273	164
116	194
1	29
6	164
210	293
294	171
95	260
297	279
259	178
238	121
131	180
119	120
22	15
236	293
127	128
1	251
150	118
65	33
241	65
294	252
229	216
128	264
102	90
126	114
230	163
256	134
151	156
255	262
97	179
88	132
235	296
146	283
268	209
35	121
108	230
36	79
242	245
247	263
77	30
249	15
91	277
262	92
35	174
12	10
172	206
256	105
159	272
229	293
199	157
230	108
250	284
183	172
33	287
64	38
91	111
71	262
103	102
72	248
100	223
24	50
93	28
208	279
211	229
3	117
195	123
282	227
245	284
130	58
143	288
93	294
292	239
38	40
74	282
230	213
18	272
192	203
125	178
56	69
240	212
55	147
220	224
97	186
231	225
271	61
261	62
208	283
107	116
163	62
284	81
116	128
33	32
204	226
107	245
262	172
217	274
254	298
239	188
260	143
214	231
70	33
6	8
19	120
17	7
198	268
69	29
295	210
170	192
115	128
279	209
211	214
1	258
188	71
115	138
184	288
240	265
28	74
217	83
147	270
180	88
142	126
282	238
232	93
290	295
60	34
290	76
278	263
111	27
50	23
294	24
101	88
59	138
78	292
195	19
86	42
146	276
139	173
144	143
61	205
111	96
114	276
7	71
100	232
159	97
147	183
286	224
269	241
171	287
14	205
37	290
81	53
155	161
220	273
32	20
113	2
183	122
251	297
292	210
68	99
60	73
254	43
76	16
204	295
197	142
120	54
80	115
128	193
115	163
256	126
43	189
286	31
245	208
6	20
296	279
8	17
214	226
29	111
165	209
14	11
91	286
269	3
6	12
22	212
6	220
8	33
276	291
135	144
124	149
112	76
274	40
164	194
108	12
249	93
24	77
262	123
128	143
74	96
238	103
70	210
299	142
5	180
83	275
58	54
103	277
109	204
60	96
283	114
143	270
290	40
64	39
3	22
255	12
229	243
247	239
79	40
260	155
116	260
123	55
171	166
88	298
249	216
227	148
140	14
195	258
1	295
268	294
286	230
42	152
44	43
179	271
18	15
270	172
224	5
39	112
263	211
146	130
161	121
231	246
269	55
74	77
130	52
56	71
214	264
112	57
250	93
138	257
128	183
56	218
80	55
91	177
35	217
121	117
116	80
33	108
227	280
270	223
36	149
96	62
183	166
76	24
265	297
293	247
235	217
118	218
208	213
164	7
96	31
227	86
92	37
266	61
16	193
119	73
60	45
159	161
200	238
6	3
224	287
89	259
100	28
240	256
201	17
290	113
2	6
196	23
1	144
261	254
255	220
74	34
219	109
88	85
81	84
203	81
188	273
7	15
251	105
63	184
88	37
158	153
67	49
25	1
198	184
205	197
144	266
256	295
192	169
255	281
80	51
289	29
264	286
236	296
42	214
284	121
220	221
158	155
246	177
62	279
183	4
20	15
118	134
175	242
29	264
20	116
56	156
113	59
227	288
241	278
142	299
199	237
62	194
135	201
208	298
41	28
291	243
130	146
227	126
256	294
217	128
171	189
278	210
27	155
225	171
199	198
156	260
296	242
217	228
17	268
158	150
127	56
97	200
50	215
61	185
135	291
216	280
220	275
240	235
278	292
163	123
145	52
95	60
29	2
14	9
49	88
287	219
77	148
84	33
245	122
80	100
97	214
277	241
277	143
56	65
198	125
272	215
209	30
109	44
243	244
85	213
23	134
176	206
47	196
177	218
167	197
157	151
120	19
9	14
96	85
114	266
295	260
256	138
282	251
48	140
196	262
41	265
71	113
63	163
101	112
212	213
130	69
159	175
132	289
269	255
142	121
82	287
35	44
202	7
42	58
212	208
153	149
117	122
268	17
149	144
180	162
7	13
268	229
117	52
130	239
254	261
272	132
231	264
196	157
147	184
270	138
172	163
115	149
254	104
49	74
197	172
253	193
90	45
56	83
166	121
221	171
9	182
183	149
252	287
12	6
81	60
217	296
81	238
233	164
213	263
107	105
52	230
200	266
203	152
105	118
257	119
180	201
39	50
167	27
208	229
113	284
57	110
177	125
16	5
120	166
242	249
105	220
266	221
146	163
99	279
65	248
290	292
254	226
207	117
278	297
229	244
63	279
298	225
125	150
130	181
280	281
176	120
128	171
242	210
156	199
144	273
249	217
251	211
43	56
227	166
236	289
126	239
7	57
122	279
114	60
165	93
67	267
297	278
252	268
20	12
70	247
131	186
45	90
52	299
147	221
88	180
180	70
199	167
172	111
294	79
261	171
219	207
142	127
167	140
243	229
145	117
186	148
195	125
120	123
286	248
17	284
161	52
67	248
163	197
282	167
174	206
24	44
260	6
275	257
102	10
25	35
238	266
276	295
148	281
153	166
204	271
30	32
20	9
26	90
120	5
194	140
86	123
262	273
196	179
218	226
239	209
62	58
228	264
103	55
144	216
283	227
74	255
248	223
270	82
195	38
13	283
252	50
144	247
55	289
57	135
239	100
198	183
101	96
159	151
220	6
147	195
127	295
280	114
232	142
126	50
103	104
186	179
198	71
272	23
50	56
163	27
173	137
282	125
140	285
27	66
171	265
143	144
251	260
46	289
33	3
178	124
99	120
288	166
114	260
246	228
4	234
230	200
290	212
150	166
113	250
7	227
298	241
201	61
185	267
84	188
132	291
169	192
256	257
291	219
167	143
201	7
182	18
182	150
193	145
49	102
94	103
244	49
220	266
16	21
214	157
24	102
199	70
29	153
281	211
206	53
150	202
46	118
8	20
206	175
220	240
36	286
273	290
299	130
255	259
199	219
200	149
80	138
263	185
216	251
161	171
275	130
237	184
279	67
126	115
211	236
65	228
177	91
44	77
198	278
234	33
249	287
290	95
228	293
207	294
96	113
100	149
233	2
249	197
56	275
183	255
46	44
257	263
240	264
97	290
287	75
206	272
150	235
119	60
44	47
147	150
247	257
243	299
116	242
220	262
105	283
205	291
39	30
24	78
106	248
295	275
149	108
239	279
292	100
183	262
256	260
193	232
289	270
57	102
253	39
290	61
219	34
295	171
24	145
75	29
45	102
60	189
237	238
27	36
148	81
159	68
100	80
49	58
220	130
138	163
289	278
200	242
107	99
154	122
148	186
233	257
144	228
166	126
247	241
296	217
292	190
186	156
93	263
163	118
203	139
223	166
240	42
16	79
266	52
123	31
278	243
284	60
106	127
215	222
172	152
282	124
109	244
73	37
222	135
225	249
132	269
16	184
61	33
33	189
281	260
202	18
120	118
278	289
41	37
222	291
140	131
100	292
76	60
252	296
246	216
210	280
102	57
119	212
222	146
112	48
263	217
17	18
48	296
225	65
226	167
286	260
218	261
38	267
216	258
108	25
195	289
251	19
51	255
197	143
204	121
107	33
293	278
107	258
65	29
165	175
264	125
184	68
155	120
69	291
74	31
139	137
241	243
36	101
81	76
60	243
122	91
229	211
179	198
83	292
252	118
112	99
223	270
148	284
270	252
29	172
85	74
26	140
85	60
6	260
210	54
126	108
196	221
82	145
206	151
232	263
195	151
175	247
157	144
189	172
81	45
24	64
111	244
46	16
50	55
298	267
157	235
186	88
189	196
265	171
177	40
287	225
99	49
31	96
189	281
242	295
253	46
266	224
128	157
134	183
178	259
73	83
235	286
103	96
101	47
257	275
58	114
250	213
231	151
145	165
4	8
145	240
289	64
25	27
95	49
138	270
109	268
207	197
59	194
230	222
281	297
287	143
96	52
84	23
121	162
185	288
72	68
226	289
90	57
81	284
216	293
5	120
250	208
108	239
72	59
55	40
1	284
270	146
243	215
2	64
129	237
293	241
262	122
82	128
120	171
121	119
274	49
196	172
220	204
119	2
195	206
63	76
63	250
175	132
268	234
80	103
84	22
8	9
140	115
16	289
121	131
118	279
134	38
81	26
114	127
151	159
100	92
34	289
197	123
114	57
126	210
288	3
250	132
150	256
292	230
212	232
132	250
100	119
65	220
211	217
117	90
74	27
143	134
97	235
119	89
146	157
116	155
271	242
100	41
289	277
99	151
78	44
72	296
205	175
35	1
128	209
270	289
282	229
140	202
79	62
166	195
75	111
246	210
280	298
263	265
25	51
50	151
220	258
148	171
91	259
51	85
255	88
123	153
217	242
236	210
249	264
279	232
178	231
224	210
157	165
51	132
96	103
208	163
161	185
66	49
240	247
118	289
234	223
68	56
264	267
281	246
284	292
249	61
108	77
250	227
44	41
252	231
127	167
11	6
69	111
264	224
3	62
271	287
91	235
268	126
16	196
225	241
145	132
259	79
86	34
100	254
88	281
138	183
207	276
215	165
299	232
140	148
247	228
202	11
200	280
261	156
174	71
211	277
204	171
193	134
174	116
235	209
114	44
104	122
299	41
228	52
250	237
203	168
220	166
274	73
246	22
293	125
205	70
175	161
52	76
24	36
1	200
232	243
166	132
293	228
207	107
245	107
85	34
113	262
241	286
260	209
28	64
172	1
268	288
186	124
5	200
289	207
186	234
138	115
127	197
103	31
1	2
155	166
69	36
63	55
178	54
287	296
259	296
51	25
210	243
140	12
217	195
8	21
249	277
149	263
134	23
284	283
226	60
132	51
25	24
17	4
34	85
115	1
85	77
7	5
230	204
76	274
56	258
117	214
257	248
135	117
61	244
293	236
34	215
172	151
248	130
223	230
165	114
243	246
275	67
252	21
7	92
297	223
180	202
227	283
84	104
289	131
120	150
265	244
29	280
229	205
27	97
176	135
57	7
265	209
143	209
147	120
273	130
252	165
233	247
125	71
116	47
268	88
176	242
246	263
54	244
12	255
212	189
267	79
19	250
85	96
284	202
206	172
204	2
150	165
293	263
247	218
77	58
206	177
216	221
85	70
206	205
99	61
205	73
264	231
249	223
39	90
134	219
91	238
253	204
198	204
89	45
175	167
153	83
21	8
267	132
273	227
163	22
172	196
188	84
210	244
193	220
281	264
275	75
261	153
208	212
87	90
127	40
192	190
82	130
93	274
146	270
76	138
237	217
285	48
281	283
205	92
38	229
161	128
33	249
155	146
278	280
248	120
195	2
283	262
126	209
132	147
280	60
69	53
146	175
166	156
153	42
105	19
164	124
255	155
48	54
36	282
148	183
113	154
275	143
204	64
218	251
119	52
204	220
22	163
206	254
102	212
15	10
197	33
73	54
62	299
296	161
265	69
128	148
72	176
234	186
254	20
129	157
63	3
232	235
237	293
263	292
240	71
90	110
244	109
231	91
47	44
53	292
9	12
279	242
122	124
255	241
228	19
280	228
224	142
283	208
56	226
264	199
243	278
220	86
299	296
144	116
265	245
53	68
210	59
216	247
17	32
69	282
83	217
259	150
109	81
239	61
74	78
182	124
39	194
260	216
266	26
85	39
53	1
11	22
161	172
107	22
269	294
128	37
144	132
281	265
159	142
290	106
42	73
7	85
79	138
29	53
119	249
89	112
3	276
297	245
165	172
179	178
128	122
224	277
142	172
109	103
127	46
196	16
274	227
263	237
97	61
112	264
56	84
189	123
266	213
262	91
193	183
14	231
283	60
189	231
299	213
24	28
20	21
38	23
200	130
31	113
235	210
64	53
60	23
47	83
2	264
43	40
120	290
184	195
265	286
280	221
178	125
134	227
140	59
266	54
68	95
224	259
23	103
155	52
177	155
177	198
138	178
298	286
193	113
65	68
288	211
176	147
45	77
93	54
155	206
54	117
281	109
220	105
286	298
114	102
112	45
276	36
151	123
243	111
82	68
260	114
282	209
147	163
27	200
78	76
125	185
228	288
80	212
183	174
177	246
195	188
244	229
205	297
183	196
221	49
35	283
271	234
142	197
237	175
291	149
65	286
244	273
196	205
292	271
236	284
151	118
266	130
278	23
120	176
3	283
34	95
207	143
52	161
296	65
198	283
185	266
65	259
183	135
64	63
290	153
292	65
257	270
196	214
292	233
115	47
179	176
165	86
109	243
41	25
134	167
69	221
68	75
94	116
56	245
241	236
157	147
196	174
284	250
277	103
71	188
38	33
54	119
96	186
91	92
259	140
48	260
165	255
197	125
222	2
88	251
37	89
44	25
271	291
260	272
255	132
172	167
263	49
184	198
208	254
144	142
231	224
265	223
193	73
206	171
205	99
27	70
37	83
2	241
183	232
3	299
4	9
183	111
199	279
179	142
245	297
110	249
199	156
145	1
49	66
194	150
3	199
296	281
73	196
266	275
3	107
157	275
218	14
140	48
156	166
69	132
95	126
67	193
265	208
3	119
100	85
41	282
92	269
241	33
267	30
218	297
263	235
125	124
160	136
78	4
165	253
276	222
222	176
97	280
212	295
123	166
78	283
262	177
172	223
12	4
153	210
241	262
56	63
37	283
42	24
86	31
142	166
83	113
104	85
99	107
42	153
240	145
253	73
268	265
25	44
119	232
269	36
92	156
103	66
221	161
86	89
45	26
61	106
245	278
195	106
65	37
286	254
23	49
199	54
30	45
46	43
236	286
296	21
116	122
279	268
129	152
99	185
246	267
148	204
69	128
240	156
209	123
177	178
36	266
143	252
256	250
40	177
28	104
277	51
236	103
100	260
90	15
146	135
23	38
82	4
264	281
219	265
206	166
123	146
279	223
293	234
207	44
98	141
15	194
179	128
33	128
245	249
268	246
69	161
298	244
272	82
218	284
297	56
267	197
65	283
101	62
26	45
212	250
162	150
297	174
154	193
146	241
274	76
56	127
99	65
247	284
172	183
279	101
105	64
130	232
16	233
148	128
282	29
226	211
145	29
181	130
260	177
248	72
272	206
105	257
185	275
239	213
29	65
152	143
268	226
288	143
244	211
193	130
163	138
82	27
219	217
220	54
97	94
280	293
210	199
157	120
29	271
89	38
218	161
46	183
97	207
254	59
161	256
279	251
278	211
227	82
158	146
193	253
31	130
146	213
101	295
77	143
230	231
29	50
23	35
230	271
175	47
138	76
219	113
73	253
108	62
159	29
184	291
189	283
263	78
257	253
9	8
228	225
78	120
247	288
224	221
221	184
268	19
130	248
176	212
283	234
207	240
55	28
278	284
61	177
233	103
280	156
278	251
164	202
200	230
36	68
218	245
130	183
185	197
297	267
17	122
273	95
31	40
276	146
289	16
27	101
290	265
166	120
25	46
192	191
208	263
249	286
178	148
60	123
25	70
179	94
212	209
227	92
268	200
297	148
219	106
239	131
56	259
64	40
180	194
257	252
169	190
162	181
2	171
75	103
267	49
106	2
221	60
287	171
36	81
277	211
184	278
199	245
230	225
209	271
71	247
69	277
265	288
95	145
146	118
221	16
283	272
79	22
209	218
216	211
97	159
205	206
80	41
228	46
180	130
200	142
46	69
12	202
149	36
157	234
128	232
283	198
82	282
148	227
165	156
2	95
86	272
95	165
255	96
249	138
93	60
117	47
238	71
73	29
64	289
97	69
90	77
260	116
38	70
148	140
92	17
195	294
215	240
156	106
40	127
292	254
144	157
126	69
145	51
296	151
224	247
293	297
231	252
244	218
79	198
68	295
165	215
50	63
79	80
299	272
88	238
32	42
273	235
178	60
265	35
8	15
230	33
272	38
257	245
108	273
289	118
92	237
23	175
3	148
19	189
245	265
211	237
179	60
106	219
92	85
205	269
248	183
40	96
90	12
269	82
186	292
55	250
250	276
94	224
104	77
127	171
234	242
53	215
235	298
221	224
73	111
101	75
217	223
209	244
19	64
226	254
111	50
236	161
44	287
119	111
74	23
135	218
29	112
47	130
157	150
277	75
95	99
163	203
43	77
37	92
278	151
76	51
277	217
178	293
115	38
3	38
157	172
254	292
254	132
232	100
222	4
227	1
177	282
62	275
92	99
284	247
292	10
148	185
192	152
77	64
272	278
38	295
57	111
205	3
78	38
158	151
199	179
278	225
104	67
209	299
121	149
99	97
295	204
1	290
265	247
211	228
93	249
18	9
57	245
64	105
76	113
182	8
229	265
263	194
93	235
264	101
210	290
9	285
232	240
123	156
184	178
214	113
283	37
197	80
233	296
295	127
243	280
225	251
200	33
207	208
189	166
23	272
88	81
77	222
247	175
123	53
244	61
15	182
195	248
241	263
25	106
287	33
240	207
125	248
198	290
41	31
77	81
293	105
111	114
198	153
76	287
219	199
29	177
122	176
153	206
101	50
138	194
104	92
105	256
65	292
23	126
63	138
193	17
242	286
244	245
261	107
262	282
15	122
143	275
99	1
182	12
233	150
50	38
257	123
128	179
70	155
143	167
219	277
44	138
280	231
34	60
215	53
40	135
181	133
264	230
103	28
183	75
271	142
214	117
297	51
147	220
156	257
178	282
247	119
76	220
19	265
156	186
195	93
27	80
158	161
25	261
230	113
252	220
184	292
197	234
60	145
18	12
54	3
41	81
246	234
61	65
293	217
77	104
209	50
35	138
38	3
80	116
279	235
50	44
222	271
62	211
58	79
130	220
174	95
296	172
298	229
221	251
258	157
127	96
61	268
109	177
293	235
88	196
270	120
226	225
291	27
109	239
213	69
95	42
119	100
235	232
281	280
219	134
273	109
266	106
193	262
174	297
140	7
223	183
298	262
240	84
138	158
213	135
206	146
31	251
43	96
105	276
84	134
166	134
76	88
13	131
153	176
53	120
44	3
151	51
145	207
281	14
104	25
264	218
91	234
62	100
279	292
34	261
79	28
205	223
64	174
127	272
252	155
197	155
77	43
244	246
99	95
280	230
127	2
92	248
63	60
107	2
232	209
178	180
282	234
114	126
64	83
281	36
156	145
281	238
163	176
87	32
194	138
67	161
71	50
39	57
100	251
154	123
168	169
177	294
135	213
34	108
155	172
69	165
202	284
127	273
155	153
62	68
287	123
19	239
50	28
151	134
287	249
182	7
244	41
234	216
241	228
277	264
238	295
180	219
246	212
37	65
61	29
299	84
108	50
296	88
258	22
212	80
65	82
156	165
67	77
258	256
13	92
157	214
229	38
176	163
2	127
38	84
204	109
260	297
101	138
79	266
61	282
277	221
243	249
296	135
97	56
30	49
197	231
237	255
55	37
206	61
220	79
95	239
69	142
289	147
145	148
23	97
55	145
107	5
165	69
111	53
80	27
199	148
267	297
274	279
241	230
56	297
121	193
147	128
71	229
125	206
100	240
12	32
152	110
29	230
163	180
254	221
42	40
82	13
29	64
148	34
272	27
242	274
18	182
30	26
278	198
284	291
92	91
265	263
88	49
71	163
193	154
276	34
174	189
178	150
85	83
279	236
262	127
113	163
31	62
253	249
147	215
77	51
125	123
213	146
239	247
100	62
35	36
73	104
101	102
277	226
37	149
260	298
102	72
230	224
214	283
200	127
18	202
251	217
221	69
24	84
241	247
195	204
179	95
103	299
33	234
61	46
28	37
175	116
100	27
225	286
148	135
174	130
183	163
282	91
42	250
215	196
116	41
251	210
247	19
38	148
132	70
248	108
161	146
284	249
72	117
222	290
127	93
126	46
242	263
243	232
27	167
25	205
138	69
47	63
270	267
173	181
130	122
298	278
178	55
183	265
93	299
3	6
25	63
83	127
266	196
265	249
215	34
250	236
280	86
211	254
91	106
111	215
290	283
10	201
47	74
271	179
202	17
191	81
183	179
132	42
290	253
134	256
243	233
109	280
290	97
11	9
90	131
151	46
254	127
93	211
151	172
227	107
17	202
25	80
109	86
250	143
49	67
180	175
277	254
215	148
173	133
26	130
234	106
284	276
74	49
252	143
19	195
115	120
196	252
144	198
188	203
83	55
62	294
271	63
280	242
132	7
283	3
155	244
284	251
163	151
81	83
288	292
62	39
99	106
179	188
268	212
255	272
73	148
282	260
156	281
189	177
85	292
195	292
224	264
181	192
288	208
32	131
145	37
114	48
237	109
149	196
293	240
236	243
157	81
211	186
53	63
212	285
35	84
270	147
80	25
205	237
163	260
232	29
31	47
64	55
2	239
216	246
235	238
146	155
6	252
193	115
248	92
243	116
43	19
256	265
206	167
247	271
204	155
50	107
241	8
61	267
222	53
7	90
78	79
210	245
230	97
19	60
20	19
53	138
299	3
278	99
287	126
175	205
263	210
191	129
288	119
195	184
161	69
104	248
135	176
115	80
33	212
155	143
83	73
178	277
207	108
140	51
276	3
139	141
106	156
172	189
145	25
45	58
114	54
32	102
42	253
174	197
294	178
151	145
82	92
151	157
177	272
116	193
239	108
13	82
20	14
51	92
78	208
155	41
251	218
118	197
280	278
97	36
158	198
83	40
119	128
222	70
289	132
235	53
43	32
287	269
63	71
61	128
214	95
54	273
214	285
204	88
73	84
79	220
103	256
81	12
60	244
175	255
100	248
247	296
193	163
36	103
167	120
145	27
96	43
49	151
206	174
151	115
125	118
267	218
45	95
42	91
272	299
196	159
69	66
34	207
266	77
274	132
294	251
56	267
16	292
237	250
200	275
158	159
97	47
29	296
262	5
289	60
9	7
282	142
163	4
244	235
190	290
114	185
254	208
29	143
189	108
193	286
253	101
163	128
20	182
282	65
109	221
153	148
161	151
209	265
125	200
159	123
95	177
177	19
226	56
99	250
180	158
144	183
275	220
45	194
35	113
130	89
204	143
5	226
21	14
97	23
239	106
101	284
69	289
19	228
178	121
272	273
52	115
229	282
150	59
238	200
52	246
277	208
204	189
104	62
197	151
243	247
144	196
177	262
280	51
5	107
47	52
73	47
2	77
159	206
134	27
95	29
195	198
102	49
91	42
123	125
189	84
109	123
217	243
44	67
196	206
228	43
22	21
11	186
265	106
235	40
231	220
46	180
68	72
122	140
61	206
108	231
61	75
69	130
107	71
147	129
4	219
59	114
277	231
156	79
245	298
295	273
174	183
170	187
100	111
84	35
121	202
167	208
217	107
59	196
56	214
49	63
209	165
208	250
71	240
208	287
113	228
292	165
164	130
197	196
51	65
189	238
269	270
259	229
195	189
100	239
135	196
115	183
100	161
174	69
285	140
54	11
56	176
58	112
81	55
225	1
126	80
225	230
213	299
296	243
192	139
287	185
87	110
31	245
277	256
78	96
260	207
295	69
83	153
250	128
228	246
218	291
202	8
174	147
248	153
71	209
259	234
254	272
283	281
222	227
77	78
155	204
171	128
93	78
157	199
179	259
253	85
134	143
270	221
31	41
81	102
4	163
175	121
178	280
78	19
265	70
42	79
180	55
161	179
125	3
81	138
180	64
273	272
108	114
103	101
272	255
56	76
3	2
33	210
82	75
185	281
146	152
296	114
177	68
248	16
1	153
263	244
126	138
241	120
138	46
104	39
60	237
221	220
200	115
39	101
67	88
250	290
165	145
150	120
151	147
40	290
212	20
113	25
28	75
286	245
77	45
2	283
107	282
259	53
12	81
147	175
281	251
63	271
146	183
234	293
153	248
41	214
298	157
242	291
118	125
128	123
277	270
109	85
276	62
264	297
107	251
250	246
202	121
116	24
251	221
173	169
291	92
174	210
291	220
282	82
33	16
178	219
153	152
65	34
152	272
132	219
73	207
263	153
254	240
51	34
266	97
211	230
150	194
243	118
247	235
93	250
29	73
278	244
215	206
99	6
61	28
125	264
77	228
95	74
262	75
210	251
215	111
125	153
236	264
167	118
108	293
151	128
3	105
37	2
124	282
118	252
33	85
224	260
241	242
62	104
155	88
138	282
64	117
31	69
161	159
171	184
291	230
83	106
284	82
199	3
36	102
112	110
155	252
219	132
252	185
269	189
291	261
91	75
26	13
153	126
209	256
199	184
35	37
38	291
106	264
19	109
231	108
225	14
127	226
267	148
28	117
233	214
124	150
228	271
263	161
25	184
231	212
91	245
91	262
32	9
251	41
5	17
158	273
100	31
205	174
32	15
232	238
190	192
74	198
112	111
49	244
31	178
121	39
51	46
127	155
149	231
78	268
32	7
247	234
237	297
299	197
263	236
71	207
33	255
135	146
125	116
95	65
74	58
47	43
240	245
81	127
295	223
210	216
41	92
25	92
276	92
150	185
213	279
95	33
16	76
26	32
196	290
231	221
146	222
61	69
1	115
214	196
275	266
174	176
202	164
111	56
45	39
177	245
263	183
89	110
143	86
96	58
280	68
272	142
73	215
156	127
263	279
38	272
83	24
65	219
177	189
106	214
123	126
130	271
226	236
14	225
133	190
138	159
88	105
57	32
158	111
201	150
294	86
291	148
112	39
115	176
23	252
221	288
96	111
45	60
236	258
288	287
83	99
58	118
268	281
276	143
127	220
290	59
231	149
223	292
189	43
195	27
29	270
49	255
279	284
109	52
116	175
284	36
231	260
33	275
78	40
224	65
246	146
33	241
255	209
113	148
204	179
214	151
128	204
270	52
159	125
212	239
208	297
298	251
176	122
277	219
78	263
234	251
46	97
29	145
225	297
43	83
284	241
128	118
188	239
166	185
111	256
19	22
103	94
51	103
42	74
43	259
59	51
235	240
208	211
64	24
274	180
260	132
297	208
180	124
52	220
242	161
120	253
119	121
207	59
292	186
118	186
57	114
101	113
126	221
167	194
147	143
248	100
92	253
15	131
102	188
291	205
219	239
142	147
237	62
216	278
86	262
36	27
224	50
1	234
20	230
188	179
179	146
24	171
31	204
125	175
180	99
257	209
56	3
61	6
150	115
283	189
200	125
221	73
228	265
54	93
46	80
152	203
59	165
27	34
69	60
19	78
278	56
254	250
243	60
4	65
193	88
224	208
15	18
254	145
33	256
189	105
39	186
101	39
240	213
131	202
36	74
73	165
242	288
29	91
244	223
115	276
258	143
272	171
62	261
140	186
71	128
36	217
69	251
58	34
88	204
299	207
253	123
178	14
230	296
37	42
183	112
134	120
260	118
95	34
113	219
2	16
155	239
204	120
185	257
155	285
140	194
297	239
212	198
51	82
84	81
237	211
113	71
166	144
283	180
243	293
114	86
160	187
296	188
142	177
92	114
134	293
271	233
163	159
128	147
238	296
103	36
13	17
274	272
123	73
175	73
21	6
132	149
249	284
253	165
120	115
177	183
107	262
271	262
42	210
33	107
202	140
63	147
24	85
265	228
276	238
201	180
218	247
123	151
81	77
220	256
92	161
241	217
238	275
286	265
243	291
184	93
232	297
80	77
152	181
107	78
49	34
233	297
130	164
1	257
73	282
274	238
16	2
115	242
101	76
28	47
233	263
118	116
68	62
262	199
229	268
142	37
121	178
292	175
67	59
179	52
296	252
201	124
238	81
148	202
190	168
122	150
60	283
118	267
277	185
155	116
146	189
205	14
241	240
209	19
230	264
148	213
19	20
257	233
184	206
211	185
132	144
145	47
64	175
23	41
112	102
108	248
101	289
63	216
227	284
82	95
104	84
29	75
59	238
207	93
36	288
19	294
220	296
72	261
53	111
280	200
71	6
120	262
295	234
161	242
142	196
289	47
294	176
154	120
130	134
210	246
166	150
96	93
59	277
33	59
161	88
235	246
180	274
1	75
23	290
182	180
214	106
35	23
268	296
241	189
292	217
28	244
198	199
111	235
183	248
211	263
122	143
58	94
38	78
85	37
135	238
152	96
169	173
116	163
34	271
146	180
155	179
289	273
138	53
262	289
120	266
275	62
95	92
248	198
118	51
81	36
245	91
177	29
130	178
240	273
88	164
76	28
179	183
260	215
161	263
50	147
262	196
171	99
221	126
142	128
129	191
75	277
134	116
47	299
211	245
175	159
295	272
283	55
260	224
23	60
212	109
235	225
4	150
286	242
148	291
206	145
172	155
156	107
76	112
112	29
159	171
297	255
102	40
280	29
288	272
53	224
255	51
161	226
279	1
28	55
232	273
164	9
2	288
253	269
254	159
230	266
114	49
290	65
116	145
142	156
215	226
19	43
113	46
100	59
296	209
83	143
83	215
147	198
285	214
125	120
271	295
236	247
236	251
32	22
71	138
26	213
200	157
133	173
4	6
247	236
153	247
195	128
287	264
62	46
288	51
116	127
126	241
72	142
111	185
131	121
65	126
20	119
201	10
244	236
120	135
251	256
85	23
26	108
119	71
183	153
76	204
149	185
84	172
41	59
100	215
195	267
277	178
133	232
146	171
229	127
207	3
75	183
97	91
264	288
34	172
184	47
19	230
59	294
78	107
77	147
1	214
216	118
100	128
156	59
149	291
28	184
233	241
10	148
172	34
227	258
264	226
40	88
76	70
260	100
241	258
245	286
186	11
149	200
208	224
261	50
212	256
247	213
92	73
41	155
145	68
82	45
251	279
198	151
197	176
51	248
272	67
107	156
261	229
88	67
139	169
274	217
69	31
271	250
73	204
269	116
273	207
115	154
56	227
119	206
194	15
36	58
151	179
166	227
79	42
258	252
17	86
242	293
64	283
35	96
43	23
135	222
277	257
102	285
177	99
33	145
116	176
291	2
291	135
222	223
61	271
48	96
217	241
146	161
220	59
186	121
291	69
80	92
53	155
43	52
140	122
105	189
299	209
23	85
34	36
159	91
151	50
234	291
23	50
185	166
1	16
15	217
77	207
108	126
36	38
145	83
30	7
265	284
73	121
297	236
15	132
119	240
86	16
256	209
290	196
271	29
140	182
195	263
193	194
107	261
183	142
19	248
220	100
166	197
220	226
251	271
123	298
283	56
55	103
122	177
37	259
94	51
63	84
166	142
48	285
33	148
183	270
85	219
236	230
50	46
152	191
75	84
56	43
34	171
113	176
11	2
82	174
92	165
180	270
71	36
33	1
132	254
176	180
209	126
249	207
82	256
283	256
141	187
166	123
1	274
23	278
117	267
134	145
81	50
45	30
109	42
68	35
222	253
53	101
161	166
209	253
172	142
223	69
142	179
164	23
38	228
205	232
250	42
36	93
161	49
229	221
14	12
37	47
48	57
62	51
161	208
67	268
44	83
196	297
237	71
127	61
113	286
212	290
13	202
46	228
12	57
233	234
233	25
68	117
107	65
75	67
287	277
70	163
118	146
112	83
136	190
4	183
13	36
11	16
235	150
101	82
183	263
117	126
115	113
258	61
186	135
255	294
7	122
78	144
251	225
216	63
256	281
142	95
271	251
107	50
65	277
71	75
103	80
245	257
16	46
295	38
184	260
259	89
193	195
67	92
266	285
214	281
12	285
267	68
275	227
248	215
101	231
259	213
199	291
12	225
227	271
138	185
217	234
115	200
1	91
88	64
153	118
37	93
208	256
155	177
31	28
225	12
177	147
17	5
3	132
127	200
258	107
255	93
2	79
115	117
264	2
92	95
49	48
215	193
290	273
62	276
121	146
125	293
234	249
89	58
245	281
228	283
243	127
224	72
268	99
48	248
183	252
246	279
47	41
16	180
15	183
258	277
240	242
211	249
270	232
209	212
256	241
229	263
213	211
168	139
72	78
249	235
94	81
50	39
101	66
268	260
43	74
272	274
34	258
5	59
262	283
226	189
136	141
155	163
44	62
207	71
292	16
159	146
3	109
120	270
95	59
194	124
56	287
259	179
83	268
278	241
64	88
234	38
128	127
242	244
229	135
287	208
249	265
88	31
263	233
236	225
235	244
39	62
118	88
27	25
145	50
91	69
116	229
5	7
245	218
63	38
241	235
109	13
52	156
59	290
186	126
33	70
116	178
159	132
45	82
290	199
50	232
179	31
79	50
29	138
75	269
215	147
281	256
36	39
175	292
206	229
124	201
221	55
43	67
210	70
221	231
43	79
88	186
100	268
188	38
79	171
235	93
241	289
62	48
274	179
214	238
93	36
180	261
63	24
1	273
147	161
279	62
209	60
155	203
52	271
289	252
86	143
84	38
201	165
297	185
192	141
73	76
147	174
29	42
184	44
259	219
145	33
205	172
151	116
229	165
207	34
93	195
159	215
259	227
223	268
15	277
163	83
80	159
147	289
149	143
132	175
39	3
295	2
60	49
177	286
143	265
283	263
299	208
199	276
228	197
268	195
92	291
84	176
105	11
99	230
272	52
202	194
137	190
249	257
253	177
85	44
177	267
84	56
2	252
265	75
97	230
161	214
103	83
30	84
20	22
234	210
106	298
206	184
196	142
267	245
186	180
111	75
36	69
110	102
185	58
149	95
14	62
51	62
134	193
250	177
31	24
148	10
299	262
51	277
59	41
238	153
47	39
283	28
63	166
163	152
177	204
53	206
232	205
260	122
182	15
116	20
132	248
293	267
100	23
289	34
280	205
233	220
269	287
73	149
197	147
259	56
39	253
172	193
223	253
234	1
147	63
47	117
229	288
211	226
123	68
293	230
175	197
40	77
121	238
116	94
27	134
192	181
55	212
232	299
53	123
156	174
137	160
123	179
35	166
253	254
241	92
180	154
59	150
197	249
119	54
52	42
250	244
245	279
54	64
177	61
147	242
245	211
179	177
105	236
47	228
284	229
81	47
298	290
223	263
111	71
96	152
166	176
57	182
284	261
250	254
101	264
222	88
283	226
37	85
68	100
290	250
20	90
99	85
43	92
242	216
200	183
262	19
85	27
31	49
290	174
130	47
226	268
93	227
117	3
287	156
286	185
40	78
138	29
213	177
195	166
171	220
210	255
167	226
62	79
111	243
289	101
282	43
238	234
249	244
246	52
144	135
145	88
30	12
133	130
79	126
97	60
134	130
228	241
120	213
215	260
13	282
230	19
199	206
244	242
171	24
99	83
153	177
63	145
298	228
248	106
213	288
12	90
123	159
1	275
91	296
150	180
84	195
116	64
260	95
188	99
147	127
15	17
163	172
204	269
67	41
148	122
33	51
116	161
112	94
157	198
66	101
180	211
283	107
187	141
248	59
70	75
262	180
229	206
295	159
18	6
135	161
186	94
126	123
118	123
20	186
143	261
47	101
121	195
218	268
88	24
197	167
291	54
289	184
245	155
128	144
126	287
254	71
214	240
253	82
172	214
59	275
267	270
51	280
34	186
52	88
144	199
211	135
83	47
42	240
237	286
222	274
234	247
78	226
183	68
233	16
54	24
25	180
67	272
226	228
297	134
75	95
106	113
132	15
271	247
23	36
19	33
231	277
68	183
285	155
276	219
166	175
297	275
225	245
165	243
144	163
252	172
183	123
72	118
179	67
60	257
182	17
295	235
166	220
89	295
263	213
157	38
264	243
150	151
48	112
25	96
192	170
124	131
253	179
235	218
268	252
116	206
293	216
283	229
145	134
94	26
212	246
20	8
6	285
215	234
46	154
164	273
239	155
231	2
275	3
37	267
18	2
230	299
123	287
229	259
65	193
102	78
157	270
67	227
126	172
16	121
274	255
34	294
286	193
14	4
112	232
172	198
67	68
152	172
216	225
273	108
17	15
276	199
183	223
260	11
130	180
126	95
237	242
257	256
274	171
155	286
29	298
269	205
118	122
278	257
153	122
271	227
226	277
43	24
146	123
179	74
258	204
263	119
257	227
182	201
43	42
172	58
290	210
254	142
51	286
282	73
282	71
106	283
85	253
59	95
30	58
297	14
80	166
298	161
234	215
196	175
18	269
295	276
147	146
145	82
103	54
230	123
127	142
135	148
246	268
128	36
208	116
221	216
290	37
290	298
179	143
127	253
66	23
127	81
35	24
155	165
234	185
157	174
248	125
222	257
211	221
126	256
179	71
273	253
159	184
239	200
209	239
78	93
171	159
179	151
266	49
284	117
200	5
220	132
28	97
239	276
81	104
64	44
64	54
62	176
61	107
145	35
166	70
99	227
37	73
255	183
140	6
217	15
178	130
235	249
116	147
126	79
259	43
2	207
52	179
97	266
24	71
176	84
10	182
283	207
189	19
293	211
178	135
86	280
176	114
30	122
35	223
166	135
235	292
44	24
130	266
233	291
217	251
36	284
119	123
185	49
38	240
214	175
251	215
78	282
26	39
55	49
261	5
97	53
256	240
85	79
276	223
39	36
223	236
265	188
119	239
195	121
204	264
61	62
293	229
6	18
195	156
198	256
153	261
178	294
115	153
36	43
70	228
94	179
223	251
269	284
199	153
83	93
165	287
36	13
285	102
214	2
193	116
216	277
288	224
198	149
167	179
246	11
24	116
179	206
134	295
25	104
128	149
91	299
276	99
19	1
241	273
251	220
108	26
177	250
27	145
298	123
76	288
39	167
143	277
209	200
273	221
175	195
246	242
51	249
157	166
128	250
158	188
197	193
195	47
161	135
295	209
228	263
227	72
49	256
1	270
253	222
165	269
110	26
180	150
195	205
229	278
268	154
38	32
268	165
276	126
79	43
29	252
225	268
266	120
190	276
135	186
116	196
65	100
172	208
292	279
122	120
91	1
38	35
151	150
221	147
44	35
158	116
238	75
196	151
222	165
49	31
272	70
84	167
239	197
107	42
60	82
74	179
255	210
56	113
85	100
128	27
125	122
210	235
156	276
257	265
165	155
276	269
77	229
23	128
85	31
235	250
91	78
35	295
94	30
291	251
262	106
225	222
62	44
217	229
22	107
148	109
278	113
260	154
90	102
4	182
149	116
280	59
102	45
74	80
288	228
46	177
176	167
113	83
297	247
49	270
287	299
75	80
58	158
126	250
238	58
233	259
216	249
216	234
177	179
119	93
208	251
3	59
179	204
156	60
88	294
101	36
86	220
241	208
55	63
259	299
270	157
219	4
15	22
265	279
241	146
119	247
83	63
39	234
217	292
193	196
42	52
70	273
130	144
276	132
138	81
121	180
232	292
225	235
163	158
274	93
250	55
99	142
298	245
8	282
99	171
296	103
165	292
63	295
161	206
86	26
290	1
156	85
227	221
286	155
104	38
145	75
159	177
79	267
176	116
282	39
75	6
235	165
49	54
20	212
196	144
274	5
6	215
115	251
261	262
239	292
216	273
91	159
183	128
264	265
69	143
33	105
59	140
128	177
295	92
31	74
163	119
229	71
221	254
244	209
150	4
168	200
240	203
262	298
147	157
130	299
82	54
197	279
28	41
259	233
84	24
118	115
78	138
77	90
251	115
19	104
269	84
82	171
193	126
195	99
228	95
9	32
232	264
204	177
154	65
281	88
136	137
60	74
213	240
138	59
286	235
228	144
224	94
251	249
52	130
176	222
242	234
5	208
26	15
161	147
245	283
251	243
245	199
111	25
196	199
231	101
269	282
279	197
199	195
202	148
9	48
289	153
198	265
193	53
69	183
183	276
271	95
33	38
261	100
285	9
185	199
79	37
66	69
222	256
61	35
223	297
163	220
113	3
219	266
228	223
120	257
162	147
99	281
255	264
247	103
258	195
101	78
27	126
130	86
157	196
115	134
22	198
17	167
196	73
213	234
135	120
257	179
270	1
115	151
61	255
293	151
64	19
165	201
107	236
251	130
102	149
132	206
279	267
205	25
209	257
130	269
218	242
249	51
54	220
74	15
232	53
247	186
179	144
135	239
85	7
3	205
68	278
34	28
101	31
209	260
171	88
60	274
58	89
42	204
196	197
28	31
65	260
297	293
138	172
230	246
209	233
247	240
217	213
97	102
228	234
207	219
34	93
50	224
47	46
43	113
268	122
259	88
128	115
55	24
78	47
78	101
52	215
263	242
244	174
93	265
126	227
104	126
224	297
43	47
130	118
228	56
285	164
62	226
250	197
151	278
168	190
82	284
72	54
16	248
161	258
3	56
108	219
65	51
131	27
76	73
155	253
148	215
6	71
297	156
199	196
84	53
11	5
84	75
40	102
293	264
39	89
237	245
234	255
82	85
114	3
56	41
80	79
81	142
47	195
69	180
238	273
151	254
58	30
217	278
222	189
278	242
205	189
287	252
63	53
246	224
25	105
253	104
155	53
249	213
282	295
76	176
265	198
11	3
176	76
150	158
113	96
163	125
142	227
120	78
17	112
149	142
270	288
120	35
111	112
163	72
156	93
84	157
214	135
239	1
88	101
185	213
245	250
22	6
293	242
94	58
203	191
214	172
93	229
88	38
228	77
62	163
109	140
261	235
212	93
189	163
132	88
55	221
99	205
223	205
73	274
204	165
217	36
159	149
189	16
286	113
196	272
261	204
89	48
76	163
40	76
149	118
280	224
105	24
29	61
262	72
132	290
156	22
213	207
246	239
247	71
283	35
250	25
209	114
265	256
115	193
193	147
206	176
10	13
21	287
51	35
79	77
200	128
232	270
82	32
138	231
281	230
207	80
149	23
79	149
197	184
39	87
1	25
195	218
35	176
215	80
135	211
233	256
288	268
100	68
159	80
200	108
36	88
77	24
281	145
70	85
128	221
73	42
240	167
116	144
90	32
240	293
275	59
199	259
240	100
228	272
49	78
15	249
298	264
166	125
271	157
108	34
245	156
207	156
287	281
208	206
35	106
211	288
116	167
45	96
199	204
299	35
286	145
13	7
123	82
29	83
44	64
97	83
100	183
193	179
58	77
128	241
177	295
179	145
257	29
41	47
178	227
54	58
44	50
268	208
241	269
282	36
253	117
39	79
245	225
93	156
263	144
28	93
236	281
82	123
288	61
284	68
297	251
186	20
27	162
267	293
258	284
40	126
248	276
265	232
89	96
284	179
54	159
278	236
141	181
245	216
54	82
97	101
238	59
234	39
297	97
19	262
225	223
273	294
84	79
195	286
167	86
20	18
215	294
170	173
44	74
273	210
262	120
21	16
226	97
82	291
75	106
282	72
119	188
1	19
112	121
211	93
112	42
127	99
154	180
27	131
265	268
291	132
33	65
249	241
151	194
35	61
2	278
132	184
131	289
278	124
22	172
255	156
208	161
178	184
77	299
118	193
90	8
97	236
280	97
49	279
273	1
278	212
10	229
68	109
262	105
42	67
278	2
207	236
282	67
85	75
138	109
263	215
223	265
245	161
127	39
232	152
151	158
88	255
207	161
259	222
287	2
108	79
274	149
19	251
103	236
120	147
184	62
58	49
242	228
135	130
95	228
118	243
266	135
207	77
2	195
97	278
30	57
84	60
19	177
28	53
104	76
242	281
59	262
116	208
293	298
160	141
61	93
72	127
124	183
271	289
294	130
167	39
128	61
218	216
237	52
149	153
143	204
166	223
83	43
24	42
147	121
126	4
78	16
184	107
33	149
100	65
46	81
178	179
157	180
100	70
221	120
43	254
75	228
212	238
275	56
112	49
208	291
226	5
149	42
262	42
132	27
81	64
6	89
149	121
153	158
195	268
215	27
257	105
65	53
117	261
229	280
28	102
118	91
164	88
179	172
178	164
215	289
290	23
84	78
24	103
249	225
92	69
226	283
280	85
256	49
185	24
25	116
52	92
180	134
255	74
276	114
82	223
281	255
218	281
80	78
234	95
253	259
191	203
104	36
20	150
205	179
86	109
219	17
248	134
227	134
93	67
16	221
180	283
288	265
266	91
39	165
260	274
115	23
268	255
136	173
104	41
54	259
269	112
265	290
258	1
280	247
86	178
132	145
253	257
125	119
248	286
50	115
269	78
52	47
138	19
274	88
198	195
157	1
234	282
198	22
259	254
290	222
224	64
67	215
209	194
248	256
273	262
60	85
138	123
294	271
77	74
289	55
228	289
235	99
163	230
80	47
208	271
118	260
116	146
63	299
235	171
90	26
236	242
283	11
286	42
142	159
167	76
35	68
50	238
121	135
283	108
220	171
176	198
232	143
76	91
11	261
239	29
160	173
242	200
63	155
48	6
151	34
11	283
217	237
243	264
225	60
208	242
93	232
80	74
209	251
156	215
287	227
240	258
65	225
264	287
165	184
140	164
92	52
166	161
175	206
101	103
172	180
191	152
111	100
149	115
1	35
213	297
119	205
215	237
107	249
127	106
78	77
63	111
83	104
143	147
244	56
108	53
46	103
66	60
113	115
150	161
132	37
177	195
124	125
97	68
82	270
292	215
143	172
68	145
202	247
211	208
95	249
158	58
63	123
295	113
171	261
122	171
58	238
278	68
99	272
85	82
50	209
170	139
95	68
149	73
116	125
161	241
1	239
264	247
3	54
108	200
16	296
267	52
234	157
91	76
74	60
226	241
109	212
65	16
22	156
82	217
184	147
128	217
264	112
272	289
51	80
198	147
92	227
89	226
66	34
157	134
244	155
177	260
224	230
138	63
85	88
284	216
17	166
140	178
283	2
140	171
96	39
62	101
109	3
69	84
3	33
16	65
82	272
70	180
106	71
183	290
255	213
126	198
234	12
85	92
117	135
288	210
60	156
122	260
23	248
220	232
262	198
177	95
296	233
155	255
126	147
176	44
71	24
205	149
227	282
76	111
166	183
78	36
213	85
211	46
293	178
130	117
205	123
32	43
131	140
69	257
282	45
38	104
125	204
22	16
253	273
268	78
19	268
70	166
223	171
1	205
252	11
264	106
119	193
287	193
171	34
149	61
4	12
146	75
281	223
271	269
247	232
225	216
83	221
279	250
5	261
260	40
13	90
135	231
243	86
72	243
68	27
147	55
265	250
133	88
298	214
116	1
206	119
229	249
230	291
298	240
78	72
243	165
291	295
244	212
251	265
196	59
167	17
184	166
149	82
226	224
205	72
251	56
156	207
254	31
261	72
163	113
174	149
79	108
30	94
241	249
14	227
237	223
270	205
294	272
219	42
117	54
258	211
85	109
197	250
114	4
56	228
208	88
264	228
113	230
218	265
224	288
265	218
293	232
156	247
284	267
235	46
171	161
125	196
243	263
294	59
217	249
229	261
218	227
247	265
176	208
143	197
179	196
65	91
128	159
185	111
205	177
223	218
193	227
74	43
92	74
119	268
224	144
171	127
96	156
127	37
19	11
106	178
272	127
255	280
156	142
289	292
257	279
288	249
31	103
56	230
50	81
201	194
243	88
114	95
227	75
69	265
243	258
1	85
59	61
161	93
159	44
140	124
288	246
148	159
264	204
287	165
65	107
188	195
55	47
163	115
143	177
28	46
92	88
289	294
205	40
91	63
194	102
68	177
77	83
197	206
106	83
280	249
207	213
221	151
132	224
293	251
268	72
249	211
77	2
43	195
29	288
292	249
179	38
37	127
226	215
63	91
267	248
33	230
85	105
292	243
25	115
213	247
143	36
273	216
103	47
70	267
234	213
1	232
121	199
2	65
298	260
235	288
175	257
235	157
116	269
94	89
75	119
34	198
296	299
255	228
271	67
153	1
215	292
146	238
143	155
44	226
214	245
291	253
33	231
152	190
41	23
277	230
295	1
161	184
182	164
234	243
186	131
47	184
286	99
241	223
28	76
107	238
48	45
236	231
264	195
256	208
185	208
112	256
243	221
253	227
123	154
158	176
101	27
234	37
93	24
80	117
146	221
41	24
292	195
235	282
174	171
82	65
37	64
11	202
84	189
106	68
264	280
229	284
171	122
71	174
256	258
47	115
253	291
35	145
127	165
154	76
299	76
283	67
114	135
282	69
57	112
251	242
174	16
124	140
236	250
99	195
267	284
176	166
26	251
188	189
286	65
145	54
246	257
182	5
149	147
199	166
99	177
73	178
254	100
249	185
265	229
53	149
99	286
55	101
216	267
276	258
16	177
135	121
222	276
226	127
249	246
234	91
38	50
195	199
3	269
264	249
6	4
216	265
79	252
273	209
145	138
214	295
223	161
129	147
209	210
282	178
281	189
26	182
88	92
183	124
217	92
185	148
227	73
240	229
279	263
143	250
163	155
48	89
75	282
185	299
161	245
273	240
289	262
23	94
52	1
234	70
250	265
207	72
86	45
35	38
264	242
47	103
220	233
81	46
183	258
161	132
236	287
54	103
34	51
5	239
271	60
156	255
54	135
125	126
34	270
161	142
242	241
270	243
46	76
159	138
243	234
288	270
273	289
299	248
104	23
155	119
37	271
248	19
268	46
244	243
71	219
128	151
105	114
118	153
16	155
119	126
3	296
185	286
229	218
245	29
223	286
237	243
204	76
211	127
213	212
124	202
152	163
280	264
62	248
108	207
213	119
65	280
5	268
106	99
253	206
284	258
132	260
65	282
24	105
292	232
235	254
230	277
63	255
48	90
79	88
237	234
267	246
17	219
50	47
276	209
177	109
193	287
72	222
85	234
201	182
46	235
90	112
1	99
260	281
56	248
149	124
282	102
128	102
267	61
134	118
252	109
165	81
64	232
225	214
69	156
146	198
76	43
194	45
113	97
39	64
255	49
55	287
42	101
80	184
259	209
51	113
166	159
33	69
7	132
55	197
251	278
165	39
220	231
102	26
99	276
94	86
2	231
85	59
295	228
23	100
119	171
74	42
279	281
229	240
89	39
234	8
74	44
290	282
232	247
210	273
231	254
241	298
258	216
89	35
72	148
217	236
284	199
253	151
239	5
235	237
153	286
177	205
53	28
240	246
210	267
22	11
232	128
182	202
68	65
293	286
25	43
255	17
37	79
194	199
93	184
76	25
93	255
65	97
31	43
235	102
283	64
287	235
91	116
120	157
2	230
78	287
212	240
32	33
289	251
29	257
185	211
93	63
227	175
68	9
101	266
111	69
43	287
99	127
246	249
179	134
153	123
24	54
180	54
2	204
62	61
108	81
8	90
125	197
200	97
31	50
296	2
103	238
53	35
228	33
241	213
268	152
261	299
267	264
194	59
215	50
281	214
252	68
210	237
221	226
254	278
159	147
40	172
213	239
165	204
71	220
218	287
232	279
161	221
147	284
221	1
86	73
219	220
238	146
29	283
125	282
269	99
223	244
142	183
286	91
217	227
38	234
54	180
73	40
122	198
94	151
127	262
270	78
49	95
176	299
263	246
70	152
286	266
258	16
129	203
145	251
42	286
242	176
247	293
189	29
126	167
220	188
96	119
204	250
287	178
292	85
53	69
150	123
76	63
49	274
236	256
204	106
166	157
292	237
28	79
55	178
75	281
131	150
218	252
210	220
215	6
254	85
275	214
123	209
119	70
43	36
231	288
189	269
119	23
43	151
237	205
62	3
220	252
175	177
198	122
83	163
282	74
121	243
41	104
269	76
77	79
126	257
46	51
254	290
214	275
38	77
118	120
103	247
232	85
151	296
21	295
199	174
132	220
161	283
20	6
92	103
281	268
236	208
201	135
26	259
83	248
189	205
103	195
175	125
36	34
154	39
271	86
69	73
204	258
185	280
288	184
278	277
35	33
43	222
256	68
147	119
91	266
151	197
193	149
144	149
218	118
293	210
127	114
176	151
276	16
263	93
228	245
134	153
238	274
108	33
180	25
263	251
259	90
207	2
147	171
278	229
81	224
2	242
8	32
31	189
132	276
123	128
72	262
265	19
290	115
37	195
57	12
71	237
12	49
231	148
2	19
269	271
205	84
5	16
228	85
73	123
177	122
299	44
193	226
167	175
296	83
111	29
260	36
217	235
109	219
172	252
115	155
208	277
253	60
46	218
59	100
70	25
120	251
240	286
12	15
125	146
113	265
96	60
45	112
286	79
87	57
221	277
106	273
225	287
9	4
55	222
78	103
49	140
119	273
39	59
156	240
276	207
135	183
128	33
186	140
260	227
295	177
59	85
36	70
242	19
37	132
51	41
121	142
38	105
261	34
120	53
93	34
63	74
106	188
5	45
134	180
1	250
248	132
132	194
34	58
122	12
107	184
205	132
219	249
216	210
77	76
70	76
183	134
206	235
297	242
273	232
139	136
110	94
184	132
264	236
82	51
198	59
297	260
38	195
164	140
230	228
80	75
53	222
129	155
293	244
36	35
293	208
197	116
213	244
124	182
68	67
38	88
3	125
228	255
115	100
135	180
14	281
47	175
142	149
199	53
292	282
205	119
194	128
95	45
52	266
250	114
122	167
197	267
287	76
293	295
153	289
119	157
40	24
78	97
5	72
104	60
181	190
261	180
238	100
49	185
155	138
206	179
99	282
152	129
172	126
277	69
256	19
177	213
97	65
2	291
110	89
251	107
296	16
179	115
189	204
161	92
189	226
298	106
35	89
262	99
102	110
180	176
92	104
184	80
178	202
181	146
93	215
152	162
134	126
299	176
84	34
91	118
105	238
161	207
59	254
290	239
34	59
94	27
273	287
165	222
43	103
122	17
239	135
120	204
78	49
47	31
114	250
41	251
88	79
95	64
194	167
224	231
151	163
45	89
209	100
151	67
72	245
207	260
213	185
50	85
264	254
69	33
229	217
175	143
96	42
244	281
177	118
202	124
223	252
34	147
79	294
10	12
280	211
153	199
92	42
293	219
166	63
146	116
121	73
259	186
243	199
55	74
246	281
68	143
177	175
227	143
152	70
291	234
1	221
195	229
31	289
230	29
152	262
47	78
151	49
79	148
114	34
138	203
250	271
42	109
271	37
256	248
207	299
84	96
63	64
123	138
13	1
299	230
67	205
119	213
266	111
172	165
245	267
201	140
296	235
189	246
94	96
204	125
77	103
260	243
112	89
54	107
1	157
227	259
237	200
244	278
212	231
24	89
76	280
93	127
49	161
208	241
54	120
25	60
109	132
203	173
260	289
257	208
121	284
272	288
82	71
99	262
190	191
70	80
21	11
243	296
6	21
117	222
259	253
175	196
47	77
77	80
70	24
198	144
52	23
249	256
163	153
277	52
242	223
250	19
227	144
275	297
210	167
33	228
85	1
76	104
171	140
283	199
111	142
232	25
53	259
270	257
211	95
60	271
221	128
89	24
262	271
161	223
151	230
40	81
209	284
213	148
2	18
11	21
211	298
285	15
242	240
107	217
110	108
172	135
149	205
243	241
246	293
243	251
269	114
97	99
269	253
57	48
197	224
115	290
134	251
112	17
238	91
127	254
171	53
46	253
143	17
220	210
231	189
268	198
200	237
250	256
264	298
49	288
159	158
269	279
174	292
244	263
46	151
34	27
142	161
206	125
267	210
127	73
255	274
237	29
53	29
264	235
249	107
284	147
159	254
239	245
2	153
252	258
242	43
122	194
67	299
77	44
71	106
84	73
31	25
156	52
184	177
158	167
241	245
110	112
123	195
179	257
30	48
107	260
195	103
211	293
132	267
103	296
209	259
279	256
92	257
36	126
91	73
243	260
180	135
245	277
223	172
54	49
14	202
13	10
146	231
119	227
251	289
215	221
146	124
295	212
78	269
233	235
289	271
111	76
117	270
147	245
177	206
73	230
19	256
112	269
113	68
175	166
76	71
83	262
257	138
52	272
123	86
166	199
95	246
235	241
54	199
23	27
277	65
31	99
75	256
223	249
241	2
42	185
281	177
2	107
287	229
281	209
221	227
235	233
262	258
172	161
117	80
183	200
162	152
40	43
96	35
242	218
56	111
36	97
108	30
96	78
171	197
114	280
163	144
259	37
280	210
101	53
282	78
286	177
96	285
5	4
206	147
239	224
34	126
16	112
12	18
216	284
121	174
256	279
294	197
44	103
258	243
196	149
144	263
71	91
54	114
226	177
286	153
34	148
211	62
184	271
294	118
215	128
40	64
162	121
252	23
185	297
294	88
88	35
183	15
100	269
96	268
175	214
119	149
74	85
214	298
30	87
277	248
147	159
188	158
106	25
214	107
290	107
228	236
202	57
195	297
266	231
114	157
296	259
115	150
253	51
151	175
171	172
256	123
2	92
2	37
157	128
236	207
17	248
25	134
154	260
55	232
232	183
211	148
266	264
59	215
218	211
223	242
241	251
279	122
206	253
145	260
166	78
16	78
127	211
28	50
221	270
132	142
116	72
236	97
88	171
102	97
77	96
81	165
220	63
250	165
92	209
63	40
97	16
145	188
158	147
153	263
120	155
226	272
123	120
298	276
258	163
212	235
101	83
59	218
221	196
248	148
43	80
156	96
53	232
280	76
34	130
76	46
205	103
180	189
91	226
9	2
151	94
171	272
63	220
224	132
248	56
36	71
120	99
5	68
128	71
116	91
255	249
91	197
188	147
252	156
194	193
251	298
254	236
166	151
23	149
112	101
23	231
72	5
104	83
48	102
194	285
28	222
134	176
217	35
70	265
10	7
241	264
42	120
256	95
67	75
82	62
85	51
60	76
277	216
80	207
46	111
25	145
295	242
64	195
287	211
149	273
176	172
140	109
130	231
292	157
221	243
167	193
18	21
273	91
221	266
45	285
250	113
174	299
68	97
119	20
120	119
14	255
266	230
288	242
38	64
126	265
283	161
258	232
209	248
142	224
103	23
142	176
215	67
282	292
295	134
206	116
294	281
182	140
23	267
109	19
35	132
151	206
126	183
287	209
176	179
277	228
138	44
281	185
227	287
173	191
213	256
40	42
282	235
194	39
287	271
138	151
268	297
206	132
202	178
151	253
6	61
155	159
186	167
287	56
134	209
196	135
152	268
198	250
67	282
138	145
99	268
102	194
129	181
95	2
150	206
251	281
288	217
122	182
10	292
208	288
119	231
132	179
172	147
165	157
89	119
291	242
159	295
208	265
161	264
297	233
158	138
86	39
111	73
199	210
253	38
46	96
186	201
257	185
178	162
295	238
199	121
75	193
153	163
221	109
241	293
228	249
287	217
249	228
61	239
34	219
116	154
189	229
53	199
238	212
235	264
236	239
233	230
215	291
145	175
68	290
91	253
154	62
234	171
6	11
235	123
135	57
121	175
1	116
1	53
91	142
299	52
49	263
115	199
74	95
54	266
172	175
123	62
230	236
211	247
267	70
131	57
59	126
149	174
263	234
20	32
69	92
155	245
96	46
287	80
274	78
37	128
115	248
157	268
251	86
189	259
110	298
154	153
102	24
294	207
210	42
225	266
255	282
21	9
188	145
142	198
183	177
279	244
137	139
206	196
143	152
148	105
231	214
179	97
126	65
243	265
126	84
146	260
108	27
35	110
46	138
73	60
109	68
5	224
16	183
236	280
257	60
273	188
290	135
51	253
125	199
157	227
227	93
43	78
299	96
121	204
135	40
223	217
186	120
34	156
42	92
292	293
177	163
111	266
84	114
171	204
44	84
178	116
289	260
267	298
277	15
105	246
219	71
116	195
243	294
61	171
37	25
289	269
63	83
90	182
52	114
289	120
248	283
282	75
205	263
235	279
16	1
278	217
274	92
50	200
230	52
3	44
125	140
1	33
240	234
293	213
155	127
217	115
243	214
69	109
165	128
106	252
30	17
144	91
104	81
33	80
96	127
261	143
252	2
268	5
232	265
148	145
182	4
167	138
60	95
152	153
67	218
218	61
268	3
20	70
58	75
52	144
214	244
269	204
113	195
179	123
186	97
14	218
78	112
263	247
295	271
297	157
59	92
190	129
141	129
270	196
59	268
84	68
193	186
197	166
78	64
227	260
204	253
279	245
26	81
172	120
248	51
56	46
234	85
144	130
57	87
148	5
255	14
46	28
295	75
245	228
38	144
250	207
242	2
60	280
59	241
69	61
282	8
91	273
252	117
92	25
31	123
229	236
260	107
153	155
220	287
217	288
27	85
104	43
275	106
218	59
8	234
189	156
50	66
244	60
182	148
210	224
2	59
266	220
131	15
145	193
286	236
86	294
207	242
201	202
29	286
215	159
8	6
281	148
42	71
180	182
83	269
230	16
39	26
246	288
108	216
179	209
92	205
286	293
211	218
283	228
62	57
277	249
215	243
148	99
62	96
12	20
244	249
140	26
135	166
100	209
299	103
29	92
127	229
65	56
53	295
236	241
119	147
163	147
112	30
177	16
297	42
79	78
94	97
262	193
230	127
232	254
293	249
41	51
274	1
293	280
61	218
114	232
30	267
217	156
263	299
39	33
118	119
220	127
209	290
252	183
88	52
234	286
183	126
114	63
288	54
165	177
274	297
246	264
272	196
200	50
190	181
271	197
221	235
131	13
61	100
212	33
105	251
251	291
121	112
50	27
195	255
134	84
272	86
196	270
28	142
102	95
61	215
104	103
241	257
194	12
161	158
235	234
298	242
210	263
180	16
255	263
57	202
26	89
181	136
292	53
86	23
269	130
104	254
12	182
97	34
222	43
151	166
77	41
297	195
172	84
84	69
17	10
55	35
242	207
178	138
232	119
201	122
226	44
189	174
32	182
13	62
267	67
51	76
2	113
70	36
117	130
148	38
21	90
60	289
185	263
31	85
144	128
135	229
15	32
266	76
145	123
294	167
250	235
234	232
228	242
288	29
293	215
26	111
83	97
144	284
284	16
52	281
296	218
161	296
283	99
273	208
236	228
208	78
56	2
180	157
58	82
126	268
221	178
176	243
52	117
233	243
83	77
220	142
37	35
50	118
47	55
118	167
178	86
183	176
193	206
207	145
19	49
207	204
220	175
148	248
149	119
214	56
153	120
291	4
210	266
260	60
186	193
178	11
294	34
260	251
278	254
123	183
126	70
106	234
214	42
268	279
97	145
86	114
122	178
133	181
109	138
76	45
194	62
14	297
49	12
283	248
187	139
249	293
151	99
253	155
126	76
205	117
148	267
93	69
171	79
46	113
4	14
34	224
245	174
68	123
234	111
42	43
72	207
221	217
62	154
153	125
189	62
248	65
9	68
24	127
256	212
272	226
210	218
226	240
32	26
85	254
267	38
262	71
60	101
274	294
185	125
39	96
86	60
88	83
285	206
93	37
177	142
85	33
165	250
2	106
273	119
40	79
274	86
78	91
225	282
176	197
64	159
246	298
240	68
118	58
28	34
5	256
9	6
152	192
171	221
224	232
223	241
198	157
35	70
51	282
185	149
41	67
293	108
24	25
42	86
35	260
297	213
48	30
226	218
197	205
281	99
76	52
227	178
194	201
234	259
82	34
76	54
75	120
181	203
47	96
272	295
270	219
76	56
75	171
287	82
179	199
195	175
34	84
12	30
155	274
195	142
297	246
105	25
171	125
36	47
116	180
115	52
104	253
130	174
44	28
85	28
55	123
294	177
35	265
288	213
55	80
19	247
276	115
250	220
35	51
296	236
295	284
157	197
97	28
41	274
94	126
268	100
194	205
23	86
24	53
113	119
76	299
201	198
248	115
292	289
70	256
286	195
91	231
121	229
185	144
247	144
161	116
280	241
256	283
60	114
285	58
204	42
155	174
101	86
237	254
61	201
72	215
161	155
249	119
84	240
194	151
111	126
203	240
83	85
46	127
156	217
32	30
65	77
278	264
167	176
285	6
2	296
46	221
22	73
250	297
107	214
198	34
37	45
64	2
62	293
96	255
228	217
76	100
164	233
230	211
296	287
180	46
228	75
104	80
140	203
210	279
3	268
172	179
97	40
46	268
103	46
179	132
50	111
37	62
18	14
186	22
75	174
152	42
156	261
167	298
295	68
112	78
195	42
278	216
143	179
184	159
248	277
237	156
90	39
132	204
276	108
62	184
36	250
60	256
97	113
299	56
256	198
76	234
283	44
243	286
289	228
135	62
24	215
231	14
4	126
216	218
227	157
236	229
3	152
210	296
284	269
227	222
134	1
265	257
290	120
1	13
196	47
145	254
226	55
298	196
249	251
177	143
220	193
43	70
95	198
221	280
245	237
22	102
85	232
102	128
116	174
176	271
256	150
114	209
70	272
146	125
261	25
212	247
61	249
280	236
102	36
7	17
89	122
61	99
219	293
215	72
92	241
109	273
191	190
148	33
224	81
2	233
249	245
272	294
40	63
272	152
165	210
49	114
180	172
232	294
266	10
172	205
242	278
97	239
116	172
84	205
292	184
105	293
1	63
240	254
245	31
222	215
284	296
246	250
298	211
245	210
127	156
239	290
72	101
31	101
225	161
229	189
250	198
213	241
115	118
85	50
181	169
248	102
41	64
161	293
52	228
114	59
172	176
89	6
210	278
36	114
193	178
138	210
149	100
205	69
62	189
195	84
9	20
290	209
79	64
142	69
82	159
174	64
70	199
134	157
72	205
248	209
86	167
257	92
144	210
196	50
79	84
283	245
246	256
281	156
135	54
289	241
287	220
215	113
143	68
172	134
86	48
1	172
98	192
264	232
265	183
121	186
196	115
159	155
96	77
179	253
148	199
87	39
113	35
102	22
282	225
286	210
233	210
161	178
138	78
23	47
138	35
50	25
130	167
56	107
208	293
8	12
142	157
188	296
42	29
39	85
274	177
31	100
66	50
296	48
176	153
234	197
178	161
106	239
249	255
211	264
117	121
113	101
42	36
216	217
248	225
194	9
167	240
276	144
295	89
197	271
196	65
132	195
30	110
234	235
283	287
31	86
60	119
81	40
211	213
79	23
52	270
146	91
122	201
60	25
210	295
249	292
89	30
17	26
269	92
269	165
88	296
244	279
260	221
177	247
159	148
68	153
233	118
299	250
117	219
103	75
246	275
242	264
18	58
145	60
289	46
243	292
186	161
200	94
59	113
231	167
145	118
151	214
43	101
232	233
7	201
261	247
48	86
229	53
59	33
291	177
147	77
119	257
126	23
148	211
223	130
176	142
101	37
218	67
47	76
265	243
203	163
104	96
88	278
125	151
267	214
61	97
84	299
292	83
226	288
240	226
107	189
238	50
189	49
130	273
214	1
115	196
264	266
142	144
155	219
271	209
104	19
247	202
232	242
64	37
271	184
284	218
267	185
248	257
134	297
215	138
286	240
54	38
202	13
109	184
172	296
31	88
225	221
195	113
44	114
299	93
62	270
225	231
2	9
250	1
155	70
224	220
267	123
217	263
128	163
100	44
171	223
218	135
12	7
183	138
39	77
254	1
284	108
41	56
79	156
81	88
159	224
239	97
68	106
82	259
76	92
255	297
101	85
203	141
296	249
218	264
275	83
284	113
247	243
298	49
174	121
259	65
43	228
23	164
25	76
255	234
44	80
122	116
178	140
231	178
250	253
132	274
280	237
266	185
225	229
180	5
100	132
30	112
152	168
240	33
165	127
246	266
247	156
156	183
28	103
97	296
250	204
82	97
266	277
63	25
134	273
258	228
112	261
239	296
298	249
233	157
104	241
231	230
197	185
125	195
250	205
232	70
75	1
146	159
123	145
228	226
103	43
250	126
184	119
25	269
33	84
118	128
294	166
249	279
64	224
41	244
47	37
29	152
45	76
73	117
211	143
151	196
213	26
198	179
62	256
233	244
289	197
105	85
251	223
64	95
51	157
11	105
188	216
265	258
182	194
128	215
245	57
7	140
292	278
153	183
127	293
130	275
249	253
169	207
232	234
203	192
176	33
114	84
95	290
186	159
40	37
151	221
156	195
71	125
143	128
60	88
202	131
229	298
220	251
28	82
263	208
105	226
103	100
251	292
115	198
127	147
222	259
171	295
267	99
236	199
41	142
223	237
44	100
144	166
155	16
144	227
197	171
144	103
26	112
68	113
295	251
138	126
88	266
147	172
48	9
224	286
177	291
178	287
31	179
78	102
78	84
134	51
257	277
298	223
146	179
53	193
218	235
199	124
68	53
187	160
80	126
149	37
145	63
32	17
129	168
25	111
120	241
283	105
154	113
51	59
292	234
234	268
77	266
126	142
99	278
259	235
224	53
24	83
195	264
61	290
161	298
29	161
215	61
70	205
143	232
134	179
91	97
186	60
172	53
199	283
288	49
60	221
183	46
221	291
167	157
140	259
64	290
193	75
2	255
116	134
223	234
27	132
52	267
289	272
258	104
133	160
272	159
234	209
55	86
294	243
27	195
288	229
252	294
110	30
90	87
297	268
230	241
198	135
177	46
167	158
279	249
104	79
25	101
261	284
264	293
1	210
163	174
90	7
130	294
165	146
96	205
39	32
150	131
246	297
142	272
117	284
11	178
273	14
266	128
262	86
267	296
235	211
119	127
140	167
46	67
271	34
213	210
26	94
91	146
119	96
88	254
227	299
82	88
185	287
142	195
265	251
242	296
213	255
248	195
225	254
226	78
204	56
132	35
42	47
40	38
157	206
198	158
34	151
199	149
59	156
133	139
54	95
1	237
77	42
124	164
254	165
234	4
189	104
57	45
242	246
112	122
242	211
266	200
267	118
166	35
102	48
150	233
224	228
271	266
94	200
95	102
275	91
64	77
65	241
102	39
16	270
72	116
7	164
188	129
8	4
296	267
50	108
213	93
217	293
296	3
13	26
75	238
218	107
35	46
132	82
211	115
73	271
26	30
134	197
263	223
260	282
236	254
69	91
268	67
42	193
281	218
209	250
122	104
255	165
222	117
199	194
83	31
46	47
16	3
299	290
247	224
91	196
278	272
178	251
122	112
184	207
60	253
134	151
123	235
290	64
95	93
248	299
183	16
185	71
75	28
236	278
85	156
61	127
202	186
19	209
76	106
166	138
151	198
292	250
44	46
153	134
295	293
284	219
177	153
275	299
194	164
244	111
47	97
173	136
155	129
242	147
64	36
84	63
185	138
16	22
63	257
146	197
60	86
213	259
113	16
171	225
56	201
3	275
196	91
68	159
68	285
182	285
148	79
16	174
105	237
23	294
65	144
123	118
163	258
237	232
148	287
138	80
84	40
212	164
246	189
25	84
260	156
24	41
204	127
234	233
101	59
73	112
255	288
52	78
21	22
92	76
280	26
132	205
9	18
101	55
170	160
59	3
81	41
185	156
31	83
185	63
195	177
252	6
60	226
39	121
107	56
222	225
22	258
124	186
266	79
90	13
282	138
104	47
278	155
174	42
53	65
189	33
233	272
79	58
272	18
86	274
289	221
54	291
182	57
210	77
53	97
235	91
225	264
202	14
215	24
266	252
1	227
217	2
77	67
284	101
245	236
78	274
147	206
279	239
162	133
204	148
56	244
230	20
53	172
290	254
4	17
101	51
195	43
108	284
112	73
125	198
287	218
263	229
46	62
214	97
171	256
196	266
128	69
49	112
23	114
65	61
216	199
97	78
269	100
83	29
15	12
47	289
209	234
99	245
242	266
263	245
126	78
247	70
299	239
82	149
112	40
286	234
238	214
214	267
41	39
171	294
283	65
35	55
69	56
49	30
73	255
172	138
284	17
257	242
143	227
56	68
62	59
103	205
231	115
272	224
81	157
3	19
60	81
294	23
217	216
166	171
102	282
280	103
204	128
259	91
74	100
122	183
130	162
202	201
40	97
165	95
69	138
23	144
292	263
16	86
158	143
135	172
204	3
168	133
14	16
227	193
298	155
210	234
67	283
171	235
198	176
51	44
126	94
175	163
181	129
273	149
197	55
218	68
123	60
216	229
189	195
203	119
17	143
260	146
115	158
39	45
80	44
27	108
219	287
209	282
244	72
107	54
36	269
2	295
113	1
100	74
231	41
228	247
236	223
120	186
296	239
123	100
204	199
69	254
204	184
176	223
211	180
117	100
224	159
60	93
10	15
259	255
142	287
233	216
55	117
75	61
294	83
157	129
93	83
171	149
86	243
174	257
254	88
254	151
159	196
199	125
264	263
281	75
93	49
76	41
271	204
1	269
246	240
28	85
182	9
266	101
292	235
62	135
254	293
199	134
128	142
63	1
50	24
264	225
138	200
91	37
213	33
262	85
5	67
69	295
142	163
94	186
210	247
271	292
85	25
158	206
14	140
222	28
157	297
44	207
207	282
142	111
290	68
181	168
74	70
239	250
260	285
270	50
6	99
210	165
50	36
253	209
237	263
104	44
134	55
125	159
235	263
270	265
232	258
102	103
143	158
279	218
254	277
145	222
33	200
210	252
89	94
205	176
163	183
279	118
29	260
28	24
211	255
176	246
153	151
186	118
130	67
120	159
102	12
197	127
172	157
34	65
248	151
60	54
117	204
243	281
197	163
263	255
235	261
245	254
272	40
40	68
175	36
124	199
45	57
140	15
14	18
228	295
101	248
210	138
34	273
71	63
159	166
134	125
198	220
73	88
249	280
217	220
155	197
175	180
107	132
176	35
15	8
49	99
144	78
67	213
267	56
297	224
186	96
38	24
265	219
157	146
141	173
244	213
246	280
39	47
42	107
28	100
260	286
236	217
231	33
217	221
269	146
33	197
23	66
178	37
260	255
108	149
197	207
101	74
254	235
108	110
280	216
144	83
276	235
120	177
273	241
37	40
150	116
197	97
197	134
275	207
297	225
114	176
28	61
278	298
101	60
284	100
75	91
24	40
86	165
257	213
29	289
223	222
95	234
37	142
268	218
229	76
161	150
221	289
177	151
245	177
77	65
266	242
212	102
99	283
235	278
184	289
244	265
211	68
153	119
39	24
24	76
211	280
116	19
155	27
264	211
284	227
77	39
111	60
96	47
271	130
86	166
16	291
80	287
247	233
151	149
278	235
70	215
231	82
99	148
228	70
31	70
12	122
69	97
232	293
219	291
101	43
81	200
228	65
161	218
186	34
10	102
209	143
130	82
67	42
80	258
18	8
223	279
68	267
32	39
24	88
298	97
30	209
44	299
187	169
287	236
273	299
109	281
146	219
161	100
248	23
235	212
106	1
55	84
196	229
270	108
259	199
146	121
145	95
278	88
297	226
125	163
166	189
246	245
116	151
213	249
228	60
242	237
15	7
34	23
223	290
132	69
99	92
232	193
266	286
69	196
279	208
248	83
26	280
255	59
42	37
54	74
297	237
251	1
213	257
143	205
166	74
54	53
186	202
184	199
48	32
91	211
251	236
295	214
27	119
175	172
270	159
202	32
163	116
179	284
289	215
74	46
153	115
229	247
44	283
177	146
120	179
118	163
226	204
130	223
81	108
243	161
147	53
84	71
193	119
252	79
36	128
24	101
166	294
185	279
78	74
230	151
256	5
193	91
275	222
209	235
230	56
243	236
255	211
178	221
132	109
93	61
255	33
298	29
209	39
176	134
173	170
293	237
40	183
224	239
241	266
135	214
230	286
226	264
172	143
77	85
45	87
228	42
35	88
120	172
126	117
296	238
293	246
273	106
126	284
93	288
121	16
284	265
119	152
107	283
85	80
207	235
179	167
7	12
101	24
56	204
222	55
237	56
118	233
46	41
226	89
7	127
126	276
117	205
15	285
53	229
255	40
235	89
250	292
256	264
295	53
173	192
83	103
281	279
291	208
299	20
58	130
274	252
198	146
85	228
145	281
242	271
179	193
150	201
101	42
100	61
235	293
11	260
95	82
256	222
76	38
120	289
64	81
270	183
294	93
83	81
237	105
227	56
229	196
287	55
176	158
178	122
186	259
45	282
257	174
37	101
145	111
268	96
186	194
60	69
46	50
219	85
228	113
220	255
165	28
92	2
54	178
179	205
149	171
3	113
70	35
281	236
297	264
261	112
221	83
156	245
255	237
237	295
282	143
171	82
65	38
267	253
172	51
18	17
220	237
118	216
264	116
200	231
126	294
282	61
144	185
95	142
148	232
250	36
244	293
275	82
42	195
57	62
292	174
241	95
276	153
272	254
266	241
122	128
233	232
65	224
236	54
67	43
198	74
268	2
205	283
282	177
81	222
240	119
64	180
280	109
94	112
291	271
68	40
212	278
128	119
43	76
205	195
175	158
203	129
45	86
107	290
243	72
258	219
102	54
62	82
249	298
25	233
262	220
208	176
205	61
119	184
258	227
11	54
236	213
36	150
74	36
78	299
112	16
82	60
47	36
270	277
211	235
233	292
149	297
38	54
125	134
247	212
239	130
161	118
76	42
229	283
208	244
279	97
274	60
231	210
224	252
68	252
78	229
95	273
42	157
70	38
220	128
146	126
255	260
272	177
253	92
263	241
206	208
43	44
167	126
255	73
204	222
228	38
227	119
67	275
212	244
79	286
195	147
171	148
296	230
34	113
32	48
172	225
62	108
175	146
228	286
299	287
151	161
188	198
55	44
148	3
55	50
294	19
128	161
27	94
256	246
228	224
76	77
272	260
64	259
28	36
125	179
262	299
258	56
176	115
66	27
229	10
194	121
241	231
121	79
273	13
61	53
107	207
54	60
146	269
73	175
271	208
157	233
25	41
241	126
293	134
74	55
21	20
272	99
68	29
104	52
75	58
122	125
7	202
275	292
292	283
184	165
180	69
88	69
282	51
185	114
291	199
189	146
116	142
27	291
128	116
142	28
34	74
60	209
251	293
277	91
288	231
10	23
279	213
55	164
69	46
107	148
253	250
292	198
38	253
275	157
204	198
138	161
226	231
225	236
289	287
145	55
276	239
79	39
49	183
8	182
207	250
172	197
41	44
80	46
114	40
55	83
249	234
96	38
288	243
120	42
247	264
2	223
231	268
88	234
291	119
137	98
260	295
199	264
149	198
234	289
232	64
167	282
63	104
296	82
51	278
240	67
296	97
195	116
169	168
58	74
117	115
36	64
258	220
77	46
93	96
68	240
215	263
147	177
149	183
99	68
84	25
212	207
235	295
75	70
253	167
193	172
219	146
196	241
23	216
183	148
275	1
229	297
75	262
4	222
230	69
150	147
99	31
46	61
256	82
165	73
103	92
244	233
177	184
123	248
126	125
190	136
3	11
40	53
200	1
288	221
144	23
159	270
123	230
274	242
34	49
171	234
185	92
149	63
135	296
244	208
68	218
39	58
15	9
257	126
8	241
149	159
23	198
70	126
88	155
53	84
121	150
213	230
117	55
77	52
126	166
116	107
73	1
179	274
100	76
39	55
177	128
186	196
33	81
